'-----BSD
Date :2018/9/6 	Time :9:34:07 
MARS2000		2.9k
Applied Rules : BV RULES

Label				Value			
Database				d:\Notes\Gitee\Tool\FID Mark 2.ma2			
Section				Midship section			
x(m)				109.13			

Ship name				DemoFPSO			
Builder				FID			
Service notation				FPSO			
Navigation notation				Unrestricted navigation			
Scantling length				218.250			
Breadth moulded				46.000			
Block coefficient				0.931			
Scantling draught				16.30			
Ballast draught				10.00			

'-----Geometric Properties
------------------------------------
Geo Prop for: "Midship section"
------------------------------------
				GROSS	NET
Total Area (m2)				5.62845	5.03282			
Total Effective Area (m2)				5.62845	5.03282			
Moment of inertia /GY axis (m4)				572.2820	516.2640			
Moment of inertia /GZ axis (m4)				1425.6760	1274.5290			
Neutral axis (m)				12.040	12.019			

'-----Environment
------------------------------------
Options for: "Midship section"
------------------------------------

Wave BM		
Acceler.		Standard

------------------------------------
Vertical Bending Moment
------------------------------------
	Hogging	Sagging
Rule wave	3880080.000	-3935356.000	
Values used in calculation:	
Wave	3880080.000	-3935356.000	
S.W.B.M	3600000.000	-4300000.000	
Total IACS	7480080.000	-8235356.000	
Total a	7751686.000	-8510831.000	
Total b	6506180.000	-7247582.000	
Total c	5260675.000	-5984333.000	
Total d	4637922.000	-5352708.000	

------------------------------------
Relative Motions
------------------------------------
	Scantling	Ballast
h1 Rule	 10.97221 	 10.97221 
h2 Rule	 13.53611 	 13.53611 

------------------------------------
Accelerations
------------------------------------
			upright condition			case c (with CFA)			case d (with CFA)
Comp	Draught (m)		x (m/s2)	y (m/s2)	z (m/s2)	x (m/s2)	y (m/s2)	z (m/s2)	x (m/s2)	y (m/s2)	z (m/s2)
 1 	10.000	Ballast	1.327	0.000	3.482	0.000	3.271	3.349	0.000	4.673	4.785
 2 	10.000	Ballast	1.321	0.000	3.482	0.000	3.254	1.095	0.000	4.648	1.564

'-----Strake
------------------------------------
Strakes for: "Midship section"
------------------------------------
											GROSS								NET
Panel	Strake	t as built	t as built net	t rule gross	tload gross	tmini gross	t rule net	tload net	tmini net		HGS Bend. Act	HGS Bend. Rul	HGS Tau Act	HGS Tau Rul	Sig. Comb. Act	Sig. Comb. Rul	Tau Comb. Act	Tau Comb. Rul	Eta Buck. Act	Eta Buck. Rul				Ystart	Zstart	Yend	Zend
1	1	20.00	18.50	16.50	12.08	16.66	15.16	10.58	15.16		173.25	224.36	11.07	141.03					0.59	1.00				0.00	0.00	1.49	0.00
1	2	20.50	19.00	13.00	12.21	13.21	11.71	10.71	11.71		173.25	224.36	26.65	141.03					0.61	1.00				1.49	0.00	20.81	0.00
1	3	20.50	19.00	21.00	20.99	13.18	19.49	19.49	11.68		173.25	224.36	17.48	141.03					0.59	1.00				20.81	0.00	23.00	2.70
1	4	18.50	17.00	14.00	13.74	13.97	12.47	12.24	12.47		134.40	175.00	22.31	110.00					0.67	1.00				23.00	2.70	23.00	4.86
1	5	17.00	15.50	14.00	12.31	13.97	12.47	10.81	12.47		103.32	175.00	26.66	110.00					0.56	1.00				23.00	4.86	23.00	7.84
1	6	17.00	15.50	14.00	11.05	13.97	12.47	9.55	12.47		60.43	175.00	27.74	110.00					0.42	1.00				23.00	7.84	23.00	10.42
1	7	17.00	15.50	14.00	10.38	13.97	12.47	8.88	12.47		23.31	175.00	27.91	110.00					0.34	1.00				23.00	10.42	23.00	13.40
1	8	17.00	15.50	14.00	9.82	13.97	12.47	8.32	12.47		62.46	175.00	27.77	110.00					0.46	1.00				23.00	13.40	23.00	16.38
1	9	17.00	15.50	14.00	9.78	13.97	12.47	8.28	12.47		105.34	175.00	26.66	110.00					0.61	1.00				23.00	16.38	23.00	19.36
1	10	17.00	15.50	14.00	9.42	13.97	12.47	7.92	12.47		141.32	175.00	24.37	110.00					0.74	1.00				23.00	19.36	23.00	21.86
1	11	18.50	16.75	18.00	8.57	17.96	16.21	6.82	16.21		173.84	224.36	19.65	141.03					1.08	1.00				23.00	21.86	22.24	24.12
1	12	18.50	16.75	12.00	6.55	12.18	10.43	4.80	10.43		182.19	224.36	27.68	141.03					0.73	1.00				22.24	24.12	0.00	24.70
2	13	16.00	14.00	84.00	84.22	58.50	82.22	82.22	56.50		173.25	224.36	23.13	141.03					3.50	1.00				19.30	0.00	19.30	2.28
2	14	20.00	18.00	118.50	118.71	50.80	116.71	116.71	48.80		140.44	175.00	20.57	110.00					3.16	1.00				19.30	2.28	19.30	4.86
2	15	17.50	15.50	118.50	118.71	50.80	116.71	116.71	48.80		103.32	175.00	25.11	110.00					3.64	1.00				19.30	4.86	19.30	7.84
2	16	15.50	13.50	69.00	69.21	46.80	67.21	67.21	44.80		60.43	175.00	29.06	110.00					2.09	1.00				19.30	7.84	19.30	10.42
2	17	14.50	12.50	69.00	69.21	46.80	67.21	67.21	44.80		23.31	175.00	31.19	110.00					2.27	1.00				19.30	10.42	19.30	13.40
2	18	13.50	11.50	54.00	54.15	46.80	52.15	52.15	44.80		62.46	175.00	33.42	110.00					2.45	1.00				19.30	13.40	19.30	16.38
2	19	13.00	11.00	57.00	54.15	57.17	55.17	52.15	55.17		105.34	175.00	33.88	110.00					6.45	1.00				19.30	16.38	19.30	19.36
2	20	15.00	13.00	57.00	52.94	57.17	55.17	50.94	55.17		141.32	175.00	27.95	110.00					5.42	1.00				19.30	19.36	19.30	21.86
2	21	19.00	16.50	66.50	46.23	66.38	63.88	43.73	63.88		174.94	224.36	20.47	141.03					3.68	1.00				19.30	21.86	19.30	24.20
3	22	0.00	0.00	0.00	0.00	0.00	0.00	0.00	0.00		85.47	175.00	6.34	110.00					0.00	0.00				19.30	6.10	23.00	6.10
4	23	0.00	0.00	0.00	0.00	0.00	0.00	0.00	0.00		4.89	175.00	3.75	110.00					0.00	0.00				19.30	11.70	23.00	11.70
5	24	0.00	0.00	0.00	0.00	0.00	0.00	0.00	0.00		75.70	175.00	5.23	110.00					0.00	0.00				19.30	17.30	23.00	17.30
6	25	13.00	11.00	10.50	2.00	10.38	8.38	0.00	8.38		173.25	224.36	2.72	141.03					0.80	1.00				8.91	0.00	8.91	2.00
7	26	16.50	14.50	11.00	2.00	10.93	8.93	0.00	8.93		173.25	224.36	30.54	141.03					0.63	1.00				0.00	0.00	0.00	2.28
7	27	20.50	18.50	11.50	2.00	11.62	9.62	0.00	9.62		140.44	175.00	27.77	110.00					0.69	1.00				0.00	2.28	0.00	4.86
7	28	17.00	15.00	11.50	2.00	11.62	9.62	0.00	9.62		103.32	175.00	36.14	110.00					0.61	1.00				0.00	4.86	0.00	7.84
7	29	15.00	13.00	11.50	2.00	11.62	9.62	0.00	9.62		60.43	175.00	42.08	110.00					0.51	1.00				0.00	7.84	0.00	10.42
7	30	14.00	12.00	11.50	2.00	11.62	9.62	0.00	9.62		23.31	175.00	45.29	110.00					0.48	1.00				0.00	10.42	0.00	13.40
7	31	13.00	11.00	11.50	2.00	11.62	9.62	0.00	9.62		62.46	175.00	48.62	110.00					0.63	1.00				0.00	13.40	0.00	16.38
7	32	12.50	10.50	11.50	2.00	11.62	9.62	0.00	9.62		105.34	175.00	49.34	110.00					0.87	1.00				0.00	16.38	0.00	19.36
7	33	14.50	12.50	11.50	2.00	11.62	9.62	0.00	9.62		141.32	175.00	40.22	110.00					0.92	1.00				0.00	19.36	0.00	21.86
7	34	15.50	13.00	12.00	2.50	11.88	9.38	0.00	9.38		182.19	224.36	34.94	141.03					0.79	1.00				0.00	21.86	0.00	24.70

'-----EPP
------------------------------------
EPPs for: "Midship section"
------------------------------------
Panel	Strake	EPP	t mini0 net	t shell net	t prop net	t mini net	t mini round	t mini gross		tActual net	span	spacing	Max(Tload,Ttest)	Case	ps	pw	sigmaX1	tau1	

1	1	 1 	15.16	0.00	9.38	15.16	15.00	16.66		18.50	1.000	0.810	10.58	SEA a1 - At T_sc	163.90	55.16	198.14	12.22	
1	1	 2 	15.16	0.00	9.38	15.16	15.00	16.66		18.50	1.000	0.810	10.58	SEA a1 - At T_sc	163.90	55.16	198.14	10.44	
1	2	 1 	11.71	0.00	9.38	11.71	11.50	13.21		19.00	1.000	0.810	10.58	SEA a1 - At T_sc	163.90	55.16	198.14	10.44	
1	2	 2 	11.71	0.00	9.38	11.71	11.50	13.21		19.00	1.000	0.810	10.57	SEA a1 - At T_sc	163.90	55.16	198.14	8.44	
1	2	 3 	11.71	0.00	9.38	11.71	11.50	13.21		19.00	1.000	0.810	10.56	SEA a1 - At T_sc	163.90	55.16	198.14	6.68	
1	2	 4 	11.71	0.00	9.38	11.71	11.50	13.21		19.00	1.000	0.810	10.56	SEA a1 - At T_sc	163.90	55.16	198.14	4.93	
1	2	 5 	11.71	0.00	9.38	11.71	11.50	13.21		19.00	1.000	0.810	10.56	SEA a1 - At T_sc	163.90	55.16	198.14	3.17	
1	2	 6 	11.71	0.00	9.38	11.71	11.50	13.21		19.00	1.000	0.810	10.55	SEA a1 - At T_sc	163.90	55.16	198.14	1.42	
1	2	 7 	11.71	0.00	9.38	11.71	11.50	13.21		19.00	1.000	0.810	10.55	SEA a1 - At T_sc	163.90	55.16	198.14	0.34	
1	2	 8 	11.71	0.00	9.38	11.71	11.50	13.21		19.00	1.000	0.810	10.55	SEA a1 - At T_sc	163.90	55.16	198.14	2.09	
1	2	 9 	11.71	0.00	9.38	11.71	11.50	13.21		19.00	1.000	0.810	10.56	SEA a1 - At T_sc	163.90	55.16	198.14	3.85	
1	2	 10 	11.71	0.00	9.38	11.71	11.50	13.21		19.00	1.000	0.810	10.56	SEA a1 - At T_sc	163.90	55.16	198.14	5.60	
1	2	 11 	11.71	0.00	9.38	11.71	11.50	13.21		19.00	1.000	0.810	10.57	SEA a1 - At T_sc	163.90	55.16	198.14	8.49	
1	2	 12 	11.71	0.00	9.38	11.71	11.50	13.21		19.00	1.000	0.810	10.57	SEA a1 - At T_sc	163.90	55.16	198.14	10.25	
1	2	 13 	11.71	0.00	9.38	11.71	11.50	13.21		19.00	1.000	0.810	10.58	SEA a1 - At T_sc	163.90	55.16	198.14	12.00	
1	2	 14 	11.71	0.00	9.38	11.71	11.50	13.21		19.00	1.000	0.810	10.59	SEA a1 - At T_sc	163.90	55.16	198.14	13.76	
1	2	 15 	11.71	0.00	9.38	11.71	11.50	13.21		19.00	1.000	0.810	10.60	SEA a1 - At T_sc	163.90	55.16	198.14	15.51	
1	2	 16 	11.71	0.00	9.38	11.71	11.50	13.21		19.00	1.000	0.810	10.61	SEA a1 - At T_sc	163.90	55.16	198.14	17.26	
1	2	 17 	11.71	0.00	9.38	11.71	11.50	13.21		19.00	1.000	0.810	10.63	SEA a1 - At T_sc	163.90	55.16	198.14	19.02	
1	2	 18 	11.71	0.00	9.38	11.71	11.50	13.21		19.00	1.000	0.810	10.64	SEA a1 - At T_sc	163.90	55.16	198.14	20.77	
1	2	 19 	11.71	0.00	9.38	11.71	11.50	13.21		19.00	1.000	0.810	10.66	SEA a1 - At T_sc	163.90	55.16	198.14	22.53	
1	2	 20 	11.71	0.00	9.38	11.71	11.50	13.21		19.00	1.000	0.810	10.67	SEA a1 - At T_sc	163.90	55.16	198.14	24.28	
1	2	 21 	11.71	0.00	9.38	11.71	11.50	13.21		19.00	1.000	0.810	10.69	SEA a1 - At T_sc	163.90	55.16	198.14	26.04	
1	2	 22 	11.71	0.00	9.38	11.71	11.50	13.21		19.00	1.000	0.810	10.71	SEA a1 - At T_sc	163.90	55.16	198.14	27.79	
1	2	 23 	11.08	0.00	7.76	11.08	11.00	12.58		19.00	1.000	0.670	9.55	SEA a1 - At T_sc	163.90	55.16	198.14	29.55	
1	2	 24 	11.67	0.00	9.26	11.67	11.50	13.17		19.00	1.000	0.800	10.51	SEA a1 - At T_sc	163.90	55.16	198.14	12.47	
1	2	 25 	11.67	0.00	9.26	11.67	11.50	13.17		19.00	1.000	0.800	10.52	SEA a1 - At T_sc	163.90	55.16	198.14	14.21	
1	3	 1 	11.67	0.00	9.26	11.67	11.50	13.17		19.00	1.000	0.800	10.52	SEA a1 - At T_sc	163.90	55.16	198.14	14.21	
1	3	 2 	0.00	0.00	0.00	0.00	0.00	1.50		19.00	2.100	3.299	19.49	SEA a1 - At T_sc	163.90	55.16	198.14	15.95	
1	3	 3 	11.68	0.00	9.26	11.68	11.50	13.18		19.00	1.000	0.800	9.62	SEA c+ - At T_sc	142.78	76.82	159.88	12.15	
1	4	 1 	12.47	0.00	8.00	12.47	12.50	13.97		17.00	1.000	0.800	12.24	SEABAL 1 a2 - At T_bal	142.75	66.75	163.52	19.88	
1	4	 2 	12.47	0.00	8.00	12.47	12.50	13.97		17.00	1.000	0.800	11.77	SEABAL 1 a2 - At T_bal	142.75	71.16	150.33	23.64	
1	4	 3 	12.47	0.00	8.00	12.47	12.50	13.97		17.00	1.000	0.800	11.23	SEA c+ - At T_sc	126.70	83.50	141.33	15.20	
1	4	 4 	12.47	0.00	8.00	12.47	12.50	13.97		17.00	1.000	0.800	10.81	SEA c+ - At T_sc	118.65	86.84	132.06	15.85	
1	5	 1 	12.47	0.00	8.00	12.47	12.50	13.97		15.50	1.000	0.800	10.81	SEA c+ - At T_sc	118.65	86.84	132.06	15.85	
1	5	 2 	12.47	0.00	8.00	12.47	12.50	13.97		15.50	1.000	0.800	10.46	SEA c+ - At T_sc	110.61	90.18	122.79	18.00	
1	5	 3 	12.47	0.00	8.00	12.47	12.50	13.97		15.50	1.000	0.800	10.13	SEA c+ - At T_sc	102.56	93.52	113.51	18.34	
1	5	 4 	12.47	0.00	8.00	12.47	12.50	13.97		15.50	1.000	0.800	9.83	SEA c+ - At T_sc	94.52	96.86	104.24	18.79	
1	5	 5 	12.47	0.00	8.00	12.47	12.50	13.97		15.50	1.000	0.800	9.55	SEA c+ - At T_sc	86.48	100.20	94.97	19.17	
1	6	 1 	12.47	0.00	8.00	12.47	12.50	13.97		15.50	1.000	0.800	9.55	SEA c+ - At T_sc	86.48	100.20	94.97	19.17	
1	6	 2 	12.47	0.00	8.00	12.47	12.50	13.97		15.50	1.000	0.800	9.30	SEA c+ - At T_sc	78.43	103.54	85.69	19.49	
1	6	 3 	12.47	0.00	8.00	12.47	12.50	13.97		15.50	1.000	0.800	9.06	SEA c+ - At T_sc	70.39	106.88	76.42	19.74	
1	6	 4 	12.47	0.00	8.00	12.47	12.50	13.97		15.50	1.000	0.800	8.88	SEABAL 1 b - At T_bal	141.74	50.31	26.94	26.26	
1	7	 1 	12.47	0.00	8.00	12.47	12.50	13.97		15.50	1.000	0.800	8.88	SEABAL 1 b - At T_bal	141.74	50.31	26.94	26.26	
1	7	 2 	12.47	0.00	8.00	12.47	12.50	13.97		15.50	1.000	0.800	8.64	SEA c+ - At T_sc	54.30	113.56	57.87	20.03	
1	7	 3 	12.47	0.00	8.00	12.47	12.50	13.97		15.50	1.000	0.800	8.44	SEA c+ - At T_sc	46.25	116.90	48.60	20.07	
1	7	 4 	12.47	0.00	8.00	12.47	12.50	13.97		15.50	1.000	0.800	8.35	SEA c+ - At T_sc	38.21	120.24	50.47	20.06	
1	7	 5 	12.47	0.00	8.00	12.47	12.50	13.97		15.50	1.000	0.800	8.32	SEA c+ - At T_sc	30.17	123.58	59.75	19.98	
1	8	 1 	12.47	0.00	8.00	12.47	12.50	13.97		15.50	1.000	0.800	8.32	SEA c+ - At T_sc	30.17	123.58	59.75	19.98	
1	8	 2 	12.47	0.00	8.00	12.47	12.50	13.97		15.50	1.000	0.800	8.30	SEA c+ - At T_sc	22.12	126.92	69.02	19.84	
1	8	 3 	12.47	0.00	8.00	12.47	12.50	13.97		15.50	1.000	0.800	8.28	SEA c+ - At T_sc	14.08	130.26	78.29	19.64	
1	8	 4 	12.47	0.00	8.00	12.47	12.50	13.97		15.50	1.000	0.800	8.28	SEA c+ - At T_sc	6.03	133.60	87.57	19.38	
1	9	 1 	12.47	0.00	8.00	12.47	12.50	13.97		15.50	1.000	0.800	8.28	SEA c+ - At T_sc	6.03	133.60	87.57	19.38	
1	9	 2 	12.47	0.00	8.00	12.47	12.50	13.97		15.50	1.000	0.800	8.25	SEA c+ - At T_sc	0.00	134.10	96.84	19.06	
1	9	 3 	12.47	0.00	8.00	12.47	12.50	13.97		15.50	1.000	0.800	8.14	SEA c+ - At T_sc	0.00	126.05	106.11	18.80	
1	9	 4 	12.47	0.00	8.00	12.47	12.50	13.97		15.50	1.000	0.800	8.03	SEA c+ - At T_sc	0.00	118.01	115.39	18.35	
1	9	 5 	12.47	0.00	8.00	12.47	12.50	13.97		15.50	1.000	0.800	7.92	SEA c+ - At T_sc	0.00	109.97	124.66	17.83	
1	10	 1 	12.47	0.00	8.00	12.47	12.50	13.97		15.50	1.000	0.800	7.92	SEA c+ - At T_sc	0.00	109.97	124.66	17.83	
1	10	 2 	12.47	0.00	8.00	12.47	12.50	13.97		15.50	1.000	0.800	7.81	SEA c+ - At T_sc	0.00	101.92	133.93	17.25	
1	10	 3 	12.47	0.00	8.00	12.47	12.50	13.97		15.50	1.000	0.800	7.71	SEA c+ - At T_sc	0.00	93.88	143.21	16.61	
1	10	 4 	12.02	0.00	7.00	12.02	12.00	13.52		15.50	1.000	0.700	7.02	SEA c+ - At T_sc	0.00	85.83	152.48	15.91	
1	11	 1 	11.23	0.00	8.10	11.23	11.25	12.98		16.75	1.000	0.700	5.60	SEA c+ - At T_sc	0.00	85.83	152.48	15.91	
1	11	 2 	11.23	0.00	8.10	11.23	11.25	12.98		16.75	1.000	0.700	5.44	SEA c+ - At T_sc	0.00	78.79	160.59	14.08	
1	11	 3 	11.23	0.00	8.10	11.23	11.25	12.98		16.75	1.000	0.700	5.28	SEA c+ - At T_sc	0.00	71.76	168.71	13.38	
1	11	 4 	8.70	0.00	16.21	16.21	16.25	17.96		16.75	1.000	1.400	6.82	SEA a1 - At T_sc	10.00	28.00	187.62	20.68	
1	11	 5 	8.70	0.00	8.10	8.70	8.75	10.45		16.75	1.000	0.700	4.13	SEA a1 - At T_sc	10.00	28.00	199.76	17.07	
1	12	 1 	8.70	0.00	8.10	8.70	8.75	10.45		16.75	1.000	0.700	4.13	SEA a1 - At T_sc	10.00	28.00	199.76	17.07	
1	12	 2 	8.70	0.00	8.10	8.70	8.75	10.45		16.75	1.000	0.700	4.13	SEA a1 - At T_sc	10.00	28.00	200.06	15.28	
1	12	 3 	8.70	0.00	8.10	8.70	8.75	10.45		16.75	1.000	0.700	4.13	SEA a1 - At T_sc	10.00	28.00	200.36	13.49	
1	12	 4 	8.70	0.00	10.43	10.43	10.25	12.18		16.75	1.000	0.901	4.80	SEA a1 - At T_sc	10.00	28.00	200.75	11.42	
1	12	 5 	8.70	0.00	8.10	8.70	8.75	10.45		16.75	1.000	0.700	4.21	SEA a1 - At T_sc	10.00	28.00	201.05	31.65	
1	12	 6 	8.70	0.00	9.38	9.38	9.25	11.13		16.75	1.000	0.810	4.59	SEA a1 - At T_sc	10.00	28.00	201.40	29.70	
1	12	 7 	8.70	0.00	9.38	9.38	9.25	11.13		16.75	1.000	0.810	4.59	SEA a1 - At T_sc	10.00	28.00	201.75	27.75	
1	12	 8 	8.70	0.00	9.38	9.38	9.25	11.13		16.75	1.000	0.810	4.58	SEA a1 - At T_sc	10.00	28.00	202.09	25.80	
1	12	 9 	8.70	0.00	9.38	9.38	9.25	11.13		16.75	1.000	0.810	4.58	SEA a1 - At T_sc	10.00	28.00	202.44	23.84	
1	12	 10 	8.70	0.00	9.38	9.38	9.25	11.13		16.75	1.000	0.810	4.58	SEA a1 - At T_sc	10.00	28.00	202.79	21.88	
1	12	 11 	8.70	0.00	9.38	9.38	9.25	11.13		16.75	1.000	0.810	4.57	SEA a1 - At T_sc	10.00	28.00	203.14	19.91	
1	12	 12 	8.70	0.00	9.38	9.38	9.25	11.13		16.75	1.000	0.810	4.57	SEA a1 - At T_sc	10.00	28.00	203.49	17.94	
1	12	 13 	8.70	0.00	9.38	9.38	9.25	11.13		16.75	1.000	0.810	4.57	SEA a1 - At T_sc	10.00	28.00	203.84	15.97	
1	12	 14 	8.70	0.00	9.38	9.38	9.25	11.13		16.75	1.000	0.810	4.57	SEA a1 - At T_sc	10.00	28.00	204.18	13.99	
1	12	 15 	8.70	0.00	9.38	9.38	9.25	11.13		16.75	1.000	0.810	4.57	SEA a1 - At T_sc	10.00	28.00	204.53	12.01	
1	12	 16 	8.70	0.00	9.38	9.38	9.25	11.13		16.75	1.000	0.810	4.57	SEA a1 - At T_sc	10.00	28.00	204.88	10.03	
1	12	 17 	8.70	0.00	9.38	9.38	9.25	11.13		16.75	1.000	0.810	4.57	SEA a1 - At T_sc	10.00	28.00	205.23	8.04	
1	12	 18 	8.70	0.00	9.38	9.38	9.25	11.13		16.75	1.000	0.810	4.58	SEA a1 - At T_sc	10.00	28.00	205.58	6.05	
1	12	 19 	8.70	0.00	9.38	9.38	9.25	11.13		16.75	1.000	0.810	4.58	SEA a1 - At T_sc	10.00	28.00	205.93	4.06	
1	12	 20 	8.70	0.00	9.38	9.38	9.25	11.13		16.75	1.000	0.810	4.58	SEA a1 - At T_sc	10.00	28.00	206.27	2.07	
1	12	 21 	8.70	0.00	9.38	9.38	9.25	11.13		16.75	1.000	0.810	4.59	SEA a1 - At T_sc	10.00	28.00	206.62	0.07	
1	12	 22 	8.70	0.00	9.38	9.38	9.25	11.13		16.75	1.000	0.810	4.60	SEA a1 - At T_sc	10.00	28.00	206.97	1.94	
1	12	 23 	8.70	0.00	9.38	9.38	9.25	11.13		16.75	1.000	0.810	4.60	SEA a1 - At T_sc	10.00	28.00	207.32	3.94	
1	12	 24 	8.70	0.00	9.38	9.38	9.25	11.13		16.75	1.000	0.810	4.61	SEA a1 - At T_sc	10.00	28.00	207.67	5.95	
1	12	 25 	8.70	0.00	9.38	9.38	9.25	11.13		16.75	1.000	0.810	4.62	SEA a1 - At T_sc	10.00	28.00	208.01	7.97	
1	12	 26 	8.70	0.00	9.38	9.38	9.25	11.13		16.75	1.000	0.810	4.63	SEA a1 - At T_sc	10.00	28.00	208.36	9.98	
1	12	 27 	8.70	0.00	9.38	9.38	9.25	11.13		16.75	1.000	0.810	4.64	SEA a1 - At T_sc	10.00	28.00	208.71	12.00	
1	12	 28 	8.70	0.00	9.11	9.11	9.25	10.86		16.75	1.000	0.787	4.57	SEA a1 - At T_sc	10.00	28.00	209.05	13.99	
2	13	 1 	11.64	0.00	56.50	56.50	56.50	58.50		14.00	1.000	6.100	82.22	BAL 1 b - At T_bal	243.30	86.35	168.73	19.63	
2	14	 1 	11.90	0.00	48.80	48.80	49.00	50.80		18.00	1.000	6.100	116.71	BAL 1 a2 - At T_bal	243.30	0.00	198.14	24.37	
2	15	 1 	11.90	0.00	48.80	48.80	49.00	50.80		15.50	1.000	6.100	116.71	BAL 1 a2 - At T_bal	243.30	0.00	198.14	24.37	
2	15	 2 	11.40	0.00	44.80	44.80	45.00	46.80		15.50	1.000	5.600	67.21	BAL 1 b - At T_bal	181.97	64.58	83.10	22.66	
2	16	 1 	11.40	0.00	44.80	44.80	45.00	46.80		13.50	1.000	5.600	67.21	BAL 1 b - At T_bal	181.97	64.58	83.10	22.66	
2	17	 1 	11.40	0.00	44.80	44.80	45.00	46.80		12.50	1.000	5.600	67.21	BAL 1 b - At T_bal	181.97	64.58	83.10	22.66	
2	17	 2 	11.40	0.00	44.80	44.80	45.00	46.80		12.50	1.000	5.600	52.15	BAL 1 d+ - At T_bal	125.66	42.90	29.68	19.06	
2	18	 1 	11.40	0.00	44.80	44.80	45.00	46.80		11.50	1.000	5.600	52.15	BAL 1 d+ - At T_bal	125.66	42.90	29.68	19.06	
2	19	 1 	11.40	0.00	44.80	44.80	45.00	46.80		11.00	1.000	5.600	52.15	BAL 1 d+ - At T_bal	125.66	42.90	29.68	19.06	
2	19	 2 	12.70	0.00	55.17	55.17	55.00	57.17		11.00	1.000	6.897	50.94	BAL 1 b - At T_bal	69.35	24.61	74.14	32.71	
2	20	 1 	12.70	0.00	55.17	55.17	55.00	57.17		13.00	1.000	6.897	50.94	BAL 1 b - At T_bal	69.35	24.61	74.14	32.71	
2	21	 1 	12.44	0.00	63.88	63.88	64.00	66.38		16.50	1.000	6.897	43.73	BAL 1 b - At T_bal	69.35	24.61	74.14	32.71	
3	22	 1 	0.00	0.00	0.00	0.00	0.00	0.00		0.00	1.000	3.700							
4	23	 1 	0.00	0.00	0.00	0.00	0.00	0.00		0.00	1.000	3.700							
5	24	 1 	0.00	0.00	0.00	0.00	0.00	0.00		0.00	1.000	3.700							
6	25	 1 	8.38	0.00	6.02	8.38	8.50	10.38		11.00	2.100	0.650							
6	25	 2 	8.38	0.00	7.41	8.38	8.50	10.38		11.00	2.100	0.800							
6	25	 3 	8.38	0.00	5.09	8.38	8.50	10.38		11.00	2.100	0.550							
7	26	 1 	8.93	0.00	6.48	8.93	9.00	10.93		14.50	1.000	0.700							
7	26	 2 	8.93	0.00	6.48	8.93	9.00	10.93		14.50	1.000	0.700							
7	26	 3 	8.93	0.00	6.48	8.93	9.00	10.93		14.50	1.000	0.700							
7	26	 4 	8.93	0.00	6.48	8.93	9.00	10.93		14.50	1.000	0.700							
7	27	 1 	9.17	0.00	5.60	9.17	9.00	11.17		18.50	1.000	0.700							
7	27	 2 	9.62	0.00	6.40	9.62	9.50	11.62		18.50	1.000	0.800							
7	27	 3 	9.62	0.00	6.40	9.62	9.50	11.62		18.50	1.000	0.800							
7	27	 4 	9.62	0.00	6.40	9.62	9.50	11.62		18.50	1.000	0.800							
7	28	 1 	9.62	0.00	6.40	9.62	9.50	11.62		15.00	1.000	0.800							
7	28	 2 	9.62	0.00	6.40	9.62	9.50	11.62		15.00	1.000	0.800							
7	28	 3 	9.62	0.00	6.40	9.62	9.50	11.62		15.00	1.000	0.800							
7	28	 4 	9.62	0.00	6.40	9.62	9.50	11.62		15.00	1.000	0.800							
7	28	 5 	9.62	0.00	6.40	9.62	9.50	11.62		15.00	1.000	0.800							
7	29	 1 	9.62	0.00	6.40	9.62	9.50	11.62		13.00	1.000	0.800							
7	29	 2 	9.62	0.00	6.40	9.62	9.50	11.62		13.00	1.000	0.800							
7	29	 3 	9.62	0.00	6.40	9.62	9.50	11.62		13.00	1.000	0.800							
7	29	 4 	9.62	0.00	6.40	9.62	9.50	11.62		13.00	1.000	0.800							
7	30	 1 	9.62	0.00	6.40	9.62	9.50	11.62		12.00	1.000	0.800							
7	30	 2 	9.62	0.00	6.40	9.62	9.50	11.62		12.00	1.000	0.800							
7	30	 3 	9.62	0.00	6.40	9.62	9.50	11.62		12.00	1.000	0.800							
7	30	 4 	9.62	0.00	6.40	9.62	9.50	11.62		12.00	1.000	0.800							
7	30	 5 	9.62	0.00	6.40	9.62	9.50	11.62		12.00	1.000	0.800							
7	31	 1 	9.62	0.00	6.40	9.62	9.50	11.62		11.00	1.000	0.800							
7	31	 2 	9.62	0.00	6.40	9.62	9.50	11.62		11.00	1.000	0.800							
7	31	 3 	9.62	0.00	6.40	9.62	9.50	11.62		11.00	1.000	0.800							
7	31	 4 	9.62	0.00	6.40	9.62	9.50	11.62		11.00	1.000	0.800							
7	32	 1 	9.62	0.00	6.40	9.62	9.50	11.62		10.50	1.000	0.800							
7	32	 2 	9.62	0.00	6.40	9.62	9.50	11.62		10.50	1.000	0.800							
7	32	 3 	9.62	0.00	6.40	9.62	9.50	11.62		10.50	1.000	0.800							
7	32	 4 	9.62	0.00	6.40	9.62	9.50	11.62		10.50	1.000	0.800							
7	32	 5 	9.62	0.00	6.40	9.62	9.50	11.62		10.50	1.000	0.800							
7	33	 1 	9.62	0.00	6.40	9.62	9.50	11.62		12.50	1.000	0.800							
7	33	 2 	9.62	0.00	6.40	9.62	9.50	11.62		12.50	1.000	0.800							
7	33	 3 	9.62	0.00	6.40	9.62	9.50	11.62		12.50	1.000	0.800							
7	33	 4 	9.62	0.00	6.40	9.62	9.50	11.62		12.50	1.000	0.800							
7	34	 1 	9.38	0.00	7.41	9.38	9.50	11.88		13.00	1.000	0.800							
7	34	 2 	9.38	0.00	7.41	9.38	9.50	11.88		13.00	1.000	0.800							
7	34	 3 	8.93	0.00	6.48	8.93	9.00	11.43		13.00	1.000	0.700							
7	34	 4 	8.93	0.00	6.48	8.93	9.00	11.43		13.00	1.000	0.700							
7	34	 5 	8.03	0.00	4.63	8.03	8.00	10.53		13.00	1.000	0.500							

'-----EPP "SEA 0"
------------------------------------
EPP for: "Midship section"
SEA  0 At T_sc
------------------------------------
Panel	Strake	EPP	Spacing	Span	Comp.	Load	ps	Case	pw	SigX1	Tau1	T Load	Case	pw	SigX1	Tau1	T Load	Case	pw	SigX1	Tau1	T Load	Case	pw	SigX1	Tau1	T Load	Case	pw	SigX1	Tau1	T Load	Case	pw	SigX1	Tau1	T Load	Case	pw	SigX1	Tau1	T Load	Case	pw	SigX1	Tau1	T Load	
1	1	1	0.810	1.000	0	SEA	163.901	a1	55.164	198.141	12.216	10.584											c+	0.000	139.322	7.466	7.970	c-	0.000	139.322	7.466	7.970	d+	0.000	124.617	6.278	7.797	d-	0.000	124.617	6.278	7.797	
1	1	2	0.810	1.000	0	SEA	163.901	a1	55.164	198.141	10.443	10.576											c+	2.397	140.903	6.382	8.051	c-	-2.397	140.903	6.382	7.926	d+	1.198	125.724	5.367	7.839	d-	-1.198	125.724	5.367	7.778	
1	2	1	0.810	1.000	0	SEA	163.901	a1	55.164	198.141	10.443	10.576											c+	2.397	140.903	6.382	8.051	c-	-2.397	140.903	6.382	7.926	d+	1.198	125.724	5.367	7.839	d-	-1.198	125.724	5.367	7.778	
1	2	2	0.810	1.000	0	SEA	163.901	a1	55.164	198.141	8.437	10.568											c+	4.793	142.484	5.156	8.132	c-	-4.793	142.484	5.156	7.882	d+	2.397	126.831	4.336	7.880	d-	-2.397	126.831	4.336	7.758	
1	2	3	0.810	1.000	0	SEA	163.901	a1	55.164	198.141	6.682	10.563											c+	7.190	144.065	4.084	8.214	c-	-7.190	144.065	4.084	7.837	d+	3.595	127.937	3.434	7.923	d-	-3.595	127.937	3.434	7.739	
1	2	4	0.810	1.000	0	SEA	163.901	a1	55.164	198.141	4.928	10.559											c+	9.587	145.647	3.012	8.296	c-	-9.587	145.647	3.012	7.792	d+	4.793	129.044	2.532	7.965	d-	-4.793	129.044	2.532	7.719	
1	2	5	0.810	1.000	0	SEA	163.901	a1	55.164	198.141	3.173	10.556											c+	11.984	147.228	1.939	8.379	c-	-11.984	147.228	1.939	7.747	d+	5.992	130.151	1.631	8.007	d-	-5.992	130.151	1.631	7.700	
1	2	6	0.810	1.000	0	SEA	163.901	a1	55.164	198.141	1.418	10.554											c+	14.380	148.809	0.867	8.462	c-	-14.380	148.809	0.867	7.702	d+	7.190	131.258	0.729	8.050	d-	-7.190	131.258	0.729	7.681	
1	2	7	0.810	1.000	0	SEA	163.901	a1	55.164	198.141	0.336	10.554											c+	16.777	150.391	0.205	8.546	c-	-16.777	150.391	0.205	7.656	d+	8.388	132.365	0.173	8.093	d-	-8.388	132.365	0.173	7.662	
1	2	8	0.810	1.000	0	SEA	163.901	a1	55.164	198.141	2.091	10.555											c+	19.174	151.972	1.278	8.630	c-	-19.174	151.972	1.278	7.610	d+	9.587	133.472	1.075	8.137	d-	-9.587	133.472	1.075	7.643	
1	2	9	0.810	1.000	0	SEA	163.901	a1	55.164	198.141	3.846	10.557											c+	21.570	153.553	2.350	8.715	c-	-21.570	153.553	2.350	7.563	d+	10.785	134.579	1.976	8.181	d-	-10.785	134.579	1.976	7.624	
1	2	10	0.810	1.000	0	SEA	163.901	a1	55.164	198.141	5.600	10.560											c+	23.967	155.134	3.422	8.801	c-	-23.967	155.134	3.422	7.516	d+	11.984	135.686	2.878	8.225	d-	-11.984	135.686	2.878	7.605	
1	2	11	0.810	1.000	0	SEA	163.901	a1	55.164	198.141	8.491	10.568											c+	26.364	156.716	5.189	8.888	c-	-26.364	156.716	5.189	7.470	d+	13.182	136.793	4.364	8.270	d-	-13.182	136.793	4.364	7.586	
1	2	12	0.810	1.000	0	SEA	163.901	a1	55.164	198.141	10.246	10.575											c+	28.760	158.297	6.262	8.975	c-	-28.760	158.297	6.262	7.422	d+	14.380	137.900	5.266	8.315	d-	-14.380	137.900	5.266	7.567	
1	2	13	0.810	1.000	0	SEA	163.901	a1	55.164	198.141	12.000	10.583											c+	31.157	159.878	7.334	9.064	c-	-31.157	159.878	7.334	7.374	d+	15.579	139.006	6.167	8.360	d-	-15.579	139.006	6.167	7.549	
1	2	14	0.810	1.000	0	SEA	163.901	a1	55.164	198.141	13.755	10.592											c+	33.554	161.460	8.406	9.153	c-	-33.554	161.460	8.406	7.326	d+	16.777	140.113	7.069	8.405	d-	-16.777	140.113	7.069	7.530	
1	2	15	0.810	1.000	0	SEA	163.901	a1	55.164	198.141	15.510	10.602											c+	35.951	163.041	9.479	9.243	c-	-35.951	163.041	9.479	7.277	d+	17.975	141.220	7.971	8.451	d-	-17.975	141.220	7.971	7.512	
1	2	16	0.810	1.000	0	SEA	163.901	a1	55.164	198.141	17.264	10.614											c+	38.347	164.622	10.551	9.334	c-	-38.347	164.622	10.551	7.227	d+	19.174	142.327	8.873	8.498	d-	-19.174	142.327	8.873	7.493	
1	2	17	0.810	1.000	0	SEA	163.901	a1	55.164	198.141	19.019	10.627											c+	40.744	166.204	11.623	9.426	c-	-40.744	166.204	11.623	7.177	d+	20.372	143.434	9.774	8.545	d-	-20.372	143.434	9.774	7.475	
1	2	18	0.810	1.000	0	SEA	163.901	a1	55.164	198.141	20.774	10.641											c+	43.141	167.785	12.696	9.519	c-	-43.141	167.785	12.696	7.127	d+	21.570	144.541	10.676	8.592	d-	-21.570	144.541	10.676	7.456	
1	2	19	0.810	1.000	0	SEA	163.901	a1	55.164	198.141	22.528	10.657											c+	45.537	169.366	13.768	9.613	c-	-45.537	169.366	13.768	7.075	d+	22.769	145.648	11.578	8.639	d-	-22.769	145.648	11.578	7.438	
1	2	20	0.810	1.000	0	SEA	163.901	a1	55.164	198.141	24.283	10.674											c+	47.934	170.947	14.840	9.709	c-	-47.934	170.947	14.840	7.023	d+	23.967	146.755	12.480	8.688	d-	-23.967	146.755	12.480	7.420	
1	2	21	0.810	1.000	0	SEA	163.901	a1	55.164	198.141	26.038	10.692											c+	50.331	172.529	15.913	9.806	c-	-50.331	172.529	15.913	6.971	d+	25.165	147.862	13.381	8.736	d-	-25.165	147.862	13.381	7.401	
1	2	22	0.810	1.000	0	SEA	163.901	a1	55.164	198.141	27.792	10.712											c+	52.727	174.110	16.985	9.904	c-	-52.727	174.110	16.985	6.918	d+	26.364	148.969	14.283	8.785	d-	-26.364	148.969	14.283	7.383	
1	2	23	0.670	1.000	0	SEA	163.901	a1	55.164	198.141	29.547	9.549											c+	55.124	175.691	18.057	8.899	c-	-55.124	175.691	18.057	6.106	d+	27.562	150.075	15.185	7.859	d-	-27.562	150.075	15.185	6.552	
1	2	24	0.800	1.000	0	SEA	163.901	a1	55.164	198.141	12.470	10.508											c+	57.107	176.999	7.621	9.966	c-	-57.107	176.999	7.621	6.736	d+	28.553	150.991	6.409	8.787	d-	-28.553	150.991	6.409	7.276	
1	2	25	0.800	1.000	0	SEA	163.901	a1	55.164	198.141	14.211	10.517											c+	59.474	178.561	8.685	10.062	c-	-59.474	178.561	8.685	6.679	d+	29.737	152.084	7.304	8.834	d-	-29.737	152.084	7.304	7.257	
1	3	1	0.800	1.000	0	SEA	163.901	a1	55.164	198.141	14.211	10.517											c+	59.474	178.561	8.685	10.062	c-	-59.474	178.561	8.685	6.679	d+	29.737	152.084	7.304	8.834	d-	-29.737	152.084	7.304	7.257	
1	3	2	3.299	2.100	0	SEA	163.901	a1	55.164	198.141	15.953	19.487											c+	61.841	180.123	9.750	18.804	c-	-61.841	180.123	9.750	12.255	d+	30.920	153.178	8.199	16.440	d-	-30.920	153.178	8.199	13.397	
1	3	3	0.800	1.000	0	SEA	142.785	a1	62.271	163.522	19.885	9.384											c+	76.822	159.880	12.152	9.622	c-	-76.822	159.880	12.152	4.993	d+	38.411	134.274	10.219	8.321	d-	-38.411	134.274	10.219	6.187	
1	4	1	0.800	1.000	0	SEA	142.785	a1	62.271	163.522	19.885	12.102											c+	76.822	159.880	12.152	12.235	c-	-76.822	159.880	12.152	6.349	d+	38.411	134.274	10.219	10.107	d-	-38.411	134.274	10.219	7.516	
1	4	2	0.800	1.000	0	SEA	134.740	a1	64.979	150.333	23.642	11.370											c+	80.162	150.607	14.449	11.700	c-	-80.162	150.607	14.449	5.513	d+	40.081	125.980	12.151	9.725	d-	-40.081	125.980	12.151	6.993	
1	4	3	0.800	1.000	0	SEA	126.696	a1	67.686	137.145	24.872	10.751											c+	83.502	141.334	15.200	11.227	c-	-83.502	141.334	15.200	4.668	d+	41.751	117.685	12.782	9.366	d-	-41.751	117.685	12.782	6.480	
1	4	4	0.800	1.000	0	SEA	118.652	a1	70.394	123.957	25.931	10.237											c+	86.842	132.060	15.848	10.814	c-	-86.842	132.060	15.848	3.771	d+	43.421	109.391	13.327	9.032	d-	-43.421	109.391	13.327	5.972	
1	5	1	0.800	1.000	0	SEA	118.652	a1	70.394	123.957	25.931	10.237											c+	86.842	132.060	15.848	10.814	c-	-86.842	132.060	15.848	3.771	d+	43.421	109.391	13.327	9.032	d-	-43.421	109.391	13.327	5.972	
1	5	2	0.800	1.000	0	SEA	110.608	a1	73.101	110.769	29.451	9.831											c+	90.183	122.787	17.999	10.460	c-	-90.183	122.787	17.999	2.730	d+	45.091	101.096	15.136	8.725	d-	-45.091	101.096	15.136	5.466	
1	5	3	0.800	1.000	0	SEA	102.564	a1	75.808	97.580	30.005	9.446											c+	93.523	113.514	18.338	10.128	c-	-93.523	113.514	18.338	1.124	d+	46.761	92.801	15.421	8.427	d-	-46.761	92.801	15.421	4.944	
1	5	4	0.800	1.000	0	SEA	94.519	a1	78.516	84.392	30.745	9.110											c+	96.863	104.240	18.790	9.828	c-	-94.519	104.240	18.790	1.796	d+	48.431	84.507	15.801	8.144	d-	-48.431	84.507	15.801	4.399	
1	5	5	0.800	1.000	0	SEA	86.475	a1	81.223	71.203	31.375	8.809											c+	100.203	94.967	19.175	9.553	c-	-86.475	94.967	19.175	1.689	d+	50.101	76.212	16.125	7.872	d-	-50.101	76.212	16.125	3.813	
1	6	1	0.800	1.000	0	SEA	86.475	a1	81.223	71.203	31.375	8.809											c+	100.203	94.967	19.175	9.553	c-	-86.475	94.967	19.175	1.689	d+	50.101	76.212	16.125	7.872	d-	-50.101	76.212	16.125	3.813	
1	6	2	0.800	1.000	0	SEA	78.431	a1	83.931	58.015	31.895	8.537											c+	103.543	85.694	19.493	9.299	c-	-78.431	85.694	19.493	1.584	d+	51.771	67.918	16.392	7.610	d-	-51.771	67.918	16.392	3.157	
1	6	3	0.800	1.000	0	SEA	70.387	a1	86.638	44.827	32.298	8.289											c+	106.883	76.420	19.738	9.064	c-	-70.387	76.420	19.738	1.480	d+	53.442	59.623	16.599	7.357	d-	-53.442	59.623	16.599	2.367	
1	6	4	0.800	1.000	0	SEA	62.343	a1	89.346	31.638	32.593	8.061											c+	110.223	67.147	19.919	8.843	c-	-62.343	67.147	19.919	1.376	d+	55.112	51.329	16.750	7.109	d-	-55.112	51.329	16.750	1.185	
1	7	1	0.800	1.000	0	SEA	62.343	a1	89.346	31.638	32.593	8.061											c+	110.223	67.147	19.919	8.843	c-	-62.343	67.147	19.919	1.376	d+	55.112	51.329	16.750	7.109	d-	-55.112	51.329	16.750	1.185	
1	7	2	0.800	1.000	0	SEA	54.298	a1	92.053	18.450	32.781	7.851											c+	113.563	57.874	20.034	8.637	c-	-54.298	57.874	20.034	1.270	d+	56.782	43.034	16.847	6.867	d-	-54.298	43.034	16.847	1.248	
1	7	3	0.800	1.000	0	SEA	46.254	a1	94.761	5.262	32.846	7.654											c+	116.903	48.601	20.074	8.441	c-	-46.254	48.601	20.074	1.160	d+	58.452	34.740	16.881	6.628	d-	-46.254	34.740	16.881	1.143	
1	7	4	0.800	1.000	0	SEA	38.210	a1	97.468	7.927	32.823	7.531											c+	120.244	50.475	20.059	8.347	c-	-38.210	50.475	20.059	1.057	d+	60.122	36.416	16.868	6.444	d-	-38.210	36.416	16.868	1.041	
1	7	5	0.800	1.000	0	SEA	30.166	a1	100.175	21.115	32.697	7.457											c+	123.584	59.748	19.982	8.318	c-	-30.166	59.748	19.982	0.949	d+	61.792	44.710	16.804	6.291	d-	-30.166	44.710	16.804	0.932	
1	8	1	0.800	1.000	0	SEA	30.166	a1	100.175	21.115	32.697	7.457											c+	123.584	59.748	19.982	8.318	c-	-30.166	59.748	19.982	0.949	d+	61.792	44.710	16.804	6.291	d-	-30.166	44.710	16.804	0.932	
1	8	2	0.800	1.000	0	SEA	22.122	a1	102.883	34.303	32.468	7.391											c+	126.924	69.021	19.842	8.297	c-	-22.122	69.021	19.842	0.822	d+	63.462	53.005	16.686	6.135	d-	-22.122	53.005	16.686	0.805	
1	8	3	0.800	1.000	0	SEA	14.077	a1	105.590	47.492	32.143	7.335											c+	130.264	78.294	19.644	8.282	c-	-14.077	78.294	19.644	0.664	d+	65.132	61.300	16.519	5.973	d-	-14.077	61.300	16.519	0.648	
1	8	4	0.800	1.000	0	SEA	6.033	a1	108.298	60.680	31.718	7.289											c+	133.604	87.568	19.384	8.276	c-	-6.033	87.568	19.384	0.441	d+	66.802	69.594	16.301	5.804	d-	-6.033	69.594	16.301	0.428	
1	9	1	0.800	1.000	0	SEA	6.033	a1	108.298	60.680	31.718	7.289											c+	133.604	87.568	19.384	8.276	c-	-6.033	87.568	19.384	0.441	d+	66.802	69.594	16.301	5.804	d-	-6.033	69.594	16.301	0.428	
1	9	2	0.800	1.000	0	SEA	0.000	a1	108.317	73.868	31.192	7.228											c+	134.098	96.841	19.063	8.249	c-	0.000	96.841	19.063	0.000	d+	66.043	77.889	16.031	5.604	d-	0.000	77.889	16.031	0.000	
1	9	3	0.800	1.000	0	SEA	0.000	a1	100.273	87.057	30.768	7.093											c+	126.054	106.114	18.804	8.138	c-	0.000	106.114	18.804	0.000	d+	57.999	86.183	15.813	5.317	d-	0.000	86.183	15.813	0.000	
1	9	4	0.800	1.000	0	SEA	0.000	a1	92.229	100.245	30.026	6.959											c+	118.010	115.388	18.350	8.028	c-	0.000	115.388	18.350	0.000	d+	49.955	94.478	15.431	5.002	d-	0.000	94.478	15.431	0.000	
1	9	5	0.800	1.000	0	SEA	0.000	a1	84.185	113.433	29.181	6.829											c+	109.965	124.661	17.834	7.920	c-	0.000	124.661	17.834	0.000	d+	41.911	102.772	14.997	4.650	d-	0.000	102.772	14.997	0.000	
1	10	1	0.800	1.000	0	SEA	0.000	a1	84.185	113.433	29.181	6.829											c+	109.965	124.661	17.834	7.920	c-	0.000	124.661	17.834	0.000	d+	41.911	102.772	14.997	4.650	d-	0.000	102.772	14.997	0.000	
1	10	2	0.800	1.000	0	SEA	0.000	a1	76.141	126.622	28.233	6.702											c+	101.921	133.934	17.254	7.814	c-	0.000	133.934	17.254	0.000	d+	33.867	111.067	14.510	4.249	d-	0.000	111.067	14.510	0.000	
1	10	3	0.800	1.000	0	SEA	0.000	a1	68.096	139.810	27.182	6.580											c+	93.877	143.207	16.612	7.712	c-	0.000	143.207	16.612	0.000	d+	25.822	119.361	13.970	3.778	d-	0.000	119.361	13.970	0.000	
1	10	4	0.700	1.000	0	SEA	0.000	a1	60.052	152.998	26.029	5.961											c+	85.833	152.481	15.908	7.017	c-	0.000	152.481	15.908	0.000	d+	17.778	127.656	13.377	2.948	d-	0.000	127.656	13.377	0.000	
1	11	1	0.700	1.000	0	SEA	0.000	a1	60.052	152.998	26.029	4.712											c+	85.833	152.481	15.908	5.596	c-	0.000	152.481	15.908	0.000	d+	17.778	127.656	13.377	2.445	d-	0.000	127.656	13.377	0.000	
1	11	2	0.700	1.000	0	SEA	0.000	a1	53.013	164.538	23.045	4.519											c+	78.794	160.595	14.084	5.440	c-	0.000	160.595	14.084	0.000	d+	10.740	134.914	11.844	1.920	d-	0.000	134.914	11.844	0.000	
1	11	3	0.700	1.000	0	SEA	0.000	a1	45.975	176.078	21.899	4.314											c+	71.755	168.709	13.383	5.277	c-	0.000	168.709	13.383	0.000	d+	3.701	142.171	11.255	1.140	d-	0.000	142.171	11.255	0.000	
1	11	4	1.400	1.000	0	SEA	10.000	a1	28.000	187.618	20.676	6.818											c+	0.000	176.823	12.636	3.305	c-	0.000	176.823	12.636	3.305	d+	0.000	149.429	10.626	3.125	d-	0.000	149.429	10.626	3.125	
1	11	5	0.700	1.000	0	SEA	10.000	a1	28.000	199.760	17.071	4.131											c+	0.000	182.628	10.433	1.964	c-	0.000	182.628	10.433	1.964	d+	0.000	155.153	8.773	1.851	d-	0.000	155.153	8.773	1.851	
1	12	1	0.700	1.000	0	SEA	10.000	a1	28.000	199.760	17.071	4.131											c+	0.000	182.628	10.433	1.964	c-	0.000	182.628	10.433	1.964	d+	0.000	155.153	8.773	1.851	d-	0.000	155.153	8.773	1.851	
1	12	2	0.700	1.000	0	SEA	10.000	a1	28.000	200.061	15.280	4.130											c+	0.000	181.474	9.338	1.958	c-	0.000	181.474	9.338	1.958	d+	0.000	154.386	7.853	1.848	d-	0.000	154.386	7.853	1.848	
1	12	3	0.700	1.000	0	SEA	10.000	a1	28.000	200.362	13.487	4.130											c+	0.000	180.319	8.242	1.952	c-	0.000	180.319	8.242	1.952	d+	0.000	153.619	6.931	1.845	d-	0.000	153.619	6.931	1.845	
1	12	4	0.901	1.000	0	SEA	10.000	a1	28.000	200.749	11.423	4.797											c+	0.000	178.833	6.981	2.258	c-	0.000	178.833	6.981	2.258	d+	0.000	152.631	5.871	2.139	d-	0.000	152.631	5.871	2.139	
1	12	5	0.700	1.000	0	SEA	10.000	a1	28.000	201.050	31.654	4.208											c+	0.000	177.678	19.345	1.949	c-	0.000	177.678	19.345	1.949	d+	0.000	151.864	16.268	1.845	d-	0.000	151.864	16.268	1.845	
1	12	6	0.810	1.000	0	SEA	10.000	a1	28.000	201.398	29.705	4.593											c+	0.000	176.343	18.154	2.122	c-	0.000	176.343	18.154	2.122	d+	0.000	150.977	15.266	2.012	d-	0.000	150.977	15.266	2.012	
1	12	7	0.810	1.000	0	SEA	10.000	a1	28.000	201.746	27.753	4.588											c+	0.000	175.007	16.961	2.114	c-	0.000	175.007	16.961	2.114	d+	0.000	150.089	14.263	2.008	d-	0.000	150.089	14.263	2.008	
1	12	8	0.810	1.000	0	SEA	10.000	a1	28.000	202.095	25.797	4.583											c+	0.000	173.671	15.766	2.107	c-	0.000	173.671	15.766	2.107	d+	0.000	149.202	13.258	2.004	d-	0.000	149.202	13.258	2.004	
1	12	9	0.810	1.000	0	SEA	10.000	a1	28.000	202.443	23.838	4.579											c+	0.000	172.335	14.568	2.099	c-	0.000	172.335	14.568	2.099	d+	0.000	148.314	12.251	2.001	d-	0.000	148.314	12.251	2.001	
1	12	10	0.810	1.000	0	SEA	10.000	a1	28.000	202.791	21.876	4.576											c+	0.000	170.999	13.369	2.092	c-	0.000	170.999	13.369	2.092	d+	0.000	147.427	11.243	1.997	d-	0.000	147.427	11.243	1.997	
1	12	11	0.810	1.000	0	SEA	10.000	a1	28.000	203.139	19.910	4.574											c+	0.000	169.663	12.168	2.085	c-	0.000	169.663	12.168	2.085	d+	0.000	146.539	10.232	1.993	d-	0.000	146.539	10.232	1.993	
1	12	12	0.810	1.000	0	SEA	10.000	a1	28.000	203.487	17.941	4.572											c+	0.000	168.327	10.964	2.078	c-	0.000	168.327	10.964	2.078	d+	0.000	145.652	9.220	1.990	d-	0.000	145.652	9.220	1.990	
1	12	13	0.810	1.000	0	SEA	10.000	a1	28.000	203.836	15.968	4.571											c+	0.000	166.991	9.759	2.071	c-	0.000	166.991	9.759	2.071	d+	0.000	144.764	8.207	1.986	d-	0.000	144.764	8.207	1.986	
1	12	14	0.810	1.000	0	SEA	10.000	a1	28.000	204.184	13.992	4.571											c+	0.000	165.655	8.551	2.065	c-	0.000	165.655	8.551	2.065	d+	0.000	143.877	7.191	1.983	d-	0.000	143.877	7.191	1.983	
1	12	15	0.810	1.000	0	SEA	10.000	a1	28.000	204.532	12.013	4.571											c+	0.000	164.319	7.342	2.059	c-	0.000	164.319	7.342	2.059	d+	0.000	142.989	6.174	1.980	d-	0.000	142.989	6.174	1.980	
1	12	16	0.810	1.000	0	SEA	10.000	a1	28.000	204.880	10.030	4.573											c+	0.000	162.984	6.130	2.053	c-	0.000	162.984	6.130	2.053	d+	0.000	142.102	5.155	1.977	d-	0.000	142.102	5.155	1.977	
1	12	17	0.810	1.000	0	SEA	10.000	a1	28.000	205.229	8.044	4.574											c+	0.000	161.648	4.916	2.047	c-	0.000	161.648	4.916	2.047	d+	0.000	141.214	4.134	1.974	d-	0.000	141.214	4.134	1.974	
1	12	18	0.810	1.000	0	SEA	10.000	a1	28.000	205.577	6.055	4.577											c+	0.000	160.312	3.700	2.041	c-	0.000	160.312	3.700	2.041	d+	0.000	140.326	3.112	1.971	d-	0.000	140.326	3.112	1.971	
1	12	19	0.810	1.000	0	SEA	10.000	a1	28.000	205.925	4.062	4.580											c+	0.000	158.976	2.483	2.036	c-	0.000	158.976	2.483	2.036	d+	0.000	139.439	2.088	1.968	d-	0.000	139.439	2.088	1.968	
1	12	20	0.810	1.000	0	SEA	10.000	a1	28.000	206.273	2.066	4.585											c+	0.000	157.640	1.263	2.031	c-	0.000	157.640	1.263	2.031	d+	0.000	138.551	1.062	1.965	d-	0.000	138.551	1.062	1.965	
1	12	21	0.810	1.000	0	SEA	10.000	a1	28.000	206.622	0.066	4.590											c+	0.000	156.304	0.041	2.026	c-	0.000	156.304	0.041	2.026	d+	0.000	137.664	0.034	1.962	d-	0.000	137.664	0.034	1.962	
1	12	22	0.810	1.000	0	SEA	10.000	a1	28.000	206.970	1.937	4.595											c+	0.000	154.968	1.184	2.021	c-	0.000	154.968	1.184	2.021	d+	0.000	136.776	0.995	1.960	d-	0.000	136.776	0.995	1.960	
1	12	23	0.810	1.000	0	SEA	10.000	a1	28.000	207.318	3.943	4.602											c+	0.000	153.632	2.410	2.016	c-	0.000	153.632	2.410	2.016	d+	0.000	135.889	2.026	1.957	d-	0.000	135.889	2.026	1.957	
1	12	24	0.810	1.000	0	SEA	10.000	a1	28.000	207.666	5.953	4.609											c+	0.000	152.296	3.638	2.011	c-	0.000	152.296	3.638	2.011	d+	0.000	135.001	3.059	1.954	d-	0.000	135.001	3.059	1.954	
1	12	25	0.810	1.000	0	SEA	10.000	a1	28.000	208.014	7.966	4.617											c+	0.000	150.960	4.868	2.007	c-	0.000	150.960	4.868	2.007	d+	0.000	134.114	4.094	1.952	d-	0.000	134.114	4.094	1.952	
1	12	26	0.810	1.000	0	SEA	10.000	a1	28.000	208.363	9.982	4.626											c+	0.000	149.625	6.100	2.002	c-	0.000	149.625	6.100	2.002	d+	0.000	133.226	5.130	1.950	d-	0.000	133.226	5.130	1.950	
1	12	27	0.810	1.000	0	SEA	10.000	a1	28.000	208.711	12.002	4.636											c+	0.000	148.289	7.335	1.998	c-	0.000	148.289	7.335	1.998	d+	0.000	132.339	6.168	1.947	d-	0.000	132.339	6.168	1.947	
1	12	28	0.787	1.000	0	SEA	10.000	a1	28.000	209.049	13.993	4.567											c+	0.000	146.991	8.552	1.960	c-	0.000	146.991	8.552	1.960	d+	0.000	131.477	7.191	1.912	d-	0.000	131.477	7.191	1.912	
2	13	1	6.100	1.000	0	SEA		
2	14	1	6.100	1.000	0	SEA		
2	15	1	6.100	1.000	0	SEA		
2	15	2	5.600	1.000	0	SEA		
2	16	1	5.600	1.000	0	SEA		
2	17	1	5.600	1.000	0	SEA		
2	17	2	5.600	1.000	0	SEA		
2	18	1	5.600	1.000	0	SEA		
2	19	1	5.600	1.000	0	SEA		
2	19	2	6.897	1.000	0	SEA		
2	20	1	6.897	1.000	0	SEA		
2	21	1	6.897	1.000	0	SEA		

'-----EPP "SEABALL 2"
------------------------------------
EPP for: "Midship section"
SEABALL  2 At T_bal
------------------------------------
Panel	Strake	EPP	Spacing	Span	Comp.	Load	ps	Case	pw	SigX1	Tau1	T Load	Case	pw	SigX1	Tau1	T Load	Case	pw	SigX1	Tau1	T Load	Case	pw	SigX1	Tau1	T Load	Case	pw	SigX1	Tau1	T Load	Case	pw	SigX1	Tau1	T Load	Case	pw	SigX1	Tau1	T Load	Case	pw	SigX1	Tau1	T Load	
1	1	1	0.810	1.000	2	SEABALL	-100.553						a2	55.164	198.141	12.216	4.568	b	0.000	168.731	9.841	6.593	c+	0.000	139.322	7.466	6.243	c-	0.000	139.322	7.466	6.243	d+	0.000	124.617	6.278	6.107	d-	0.000	124.617	6.278	6.107	
1	1	2	0.810	1.000	2	SEABALL	-100.553						a2	55.164	198.141	10.443	4.564	b	0.000	168.731	8.412	6.590	c+	-2.397	140.903	6.382	6.337	c-	2.397	140.903	6.382	6.177	d+	-1.198	125.724	5.367	6.155	d-	1.198	125.724	5.367	6.077	
1	2	1	0.810	1.000	2	SEABALL	-100.553						a2	55.164	198.141	10.443	4.564	b	0.000	168.731	8.412	6.590	c+	-2.397	140.903	6.382	6.337	c-	2.397	140.903	6.382	6.177	d+	-1.198	125.724	5.367	6.155	d-	1.198	125.724	5.367	6.077	
1	2	2	0.810	1.000	2	SEABALL	-100.553						a2	55.164	198.141	8.437	4.561	b	0.000	168.731	6.797	6.588	c+	-4.793	142.484	5.156	6.430	c-	4.793	142.484	5.156	6.110	d+	-2.397	126.831	4.336	6.202	d-	2.397	126.831	4.336	6.046	
1	2	3	0.810	1.000	2	SEABALL	-100.553						a2	55.164	198.141	6.682	4.559	b	0.000	168.731	5.383	6.586	c+	-7.190	144.065	4.084	6.524	c-	7.190	144.065	4.084	6.042	d+	-3.595	127.937	3.434	6.250	d-	3.595	127.937	3.434	6.015	
1	2	4	0.810	1.000	2	SEABALL	-100.553						a2	55.164	198.141	4.928	4.557	b	0.000	168.731	3.970	6.585	c+	-9.587	145.647	3.012	6.618	c-	9.587	145.647	3.012	5.974	d+	-4.793	129.044	2.532	6.298	d-	4.793	129.044	2.532	5.984	
1	2	5	0.810	1.000	2	SEABALL	-100.553						a2	55.164	198.141	3.173	4.556	b	0.000	168.731	2.556	6.584	c+	-11.984	147.228	1.939	6.711	c-	11.984	147.228	1.939	5.904	d+	-5.992	130.151	1.631	6.346	d-	5.992	130.151	1.631	5.953	
1	2	6	0.810	1.000	2	SEABALL	-100.553						a2	55.164	198.141	1.418	4.555	b	0.000	168.731	1.143	6.584	c+	-14.380	148.809	0.867	6.805	c-	14.380	148.809	0.867	5.832	d+	-7.190	131.258	0.729	6.394	d-	7.190	131.258	0.729	5.922	
1	2	7	0.810	1.000	2	SEABALL	-100.553						a2	55.164	198.141	0.336	4.555	b	0.000	168.731	0.271	6.583	c+	-16.777	150.391	0.205	6.899	c-	16.777	150.391	0.205	5.759	d+	-8.388	132.365	0.173	6.442	d-	8.388	132.365	0.173	5.891	
1	2	8	0.810	1.000	2	SEABALL	-100.553						a2	55.164	198.141	2.091	4.555	b	0.000	168.731	1.684	6.584	c+	-19.174	151.972	1.278	6.992	c-	19.174	151.972	1.278	5.685	d+	-9.587	133.472	1.075	6.490	d-	9.587	133.472	1.075	5.859	
1	2	9	0.810	1.000	2	SEABALL	-100.553						a2	55.164	198.141	3.846	4.556	b	0.000	168.731	3.098	6.584	c+	-21.570	153.553	2.350	7.087	c-	21.570	153.553	2.350	5.610	d+	-10.785	134.579	1.976	6.539	d-	10.785	134.579	1.976	5.827	
1	2	10	0.810	1.000	2	SEABALL	-100.553						a2	55.164	198.141	5.600	4.558	b	0.000	168.731	4.511	6.585	c+	-23.967	155.134	3.422	7.181	c-	23.967	155.134	3.422	5.533	d+	-11.984	135.686	2.878	6.588	d-	11.984	135.686	2.878	5.795	
1	2	11	0.810	1.000	2	SEABALL	-100.553						a2	55.164	198.141	8.491	4.561	b	0.000	168.731	6.840	6.588	c+	-26.364	156.716	5.189	7.277	c-	26.364	156.716	5.189	5.454	d+	-13.182	136.793	4.364	6.637	d-	13.182	136.793	4.364	5.763	
1	2	12	0.810	1.000	2	SEABALL	-100.553						a2	55.164	198.141	10.246	4.564	b	0.000	168.731	8.254	6.590	c+	-28.760	158.297	6.262	7.372	c-	28.760	158.297	6.262	5.374	d+	-14.380	137.900	5.266	6.686	d-	14.380	137.900	5.266	5.731	
1	2	13	0.810	1.000	2	SEABALL	-100.553						a2	55.164	198.141	12.000	4.567	b	0.000	168.731	9.667	6.593	c+	-31.157	159.878	7.334	7.468	c-	31.157	159.878	7.334	5.291	d+	-15.579	139.006	6.167	6.736	d-	15.579	139.006	6.167	5.698	
1	2	14	0.810	1.000	2	SEABALL	-100.553						a2	55.164	198.141	13.755	4.571	b	0.000	168.731	11.081	6.595	c+	-33.554	161.460	8.406	7.564	c-	33.554	161.460	8.406	5.206	d+	-16.777	140.113	7.069	6.785	d-	16.777	140.113	7.069	5.665	
1	2	15	0.810	1.000	2	SEABALL	-100.553						a2	55.164	198.141	15.510	4.576	b	0.000	168.731	12.494	6.599	c+	-35.951	163.041	9.479	7.661	c-	35.951	163.041	9.479	5.120	d+	-17.975	141.220	7.971	6.835	d-	17.975	141.220	7.971	5.632	
1	2	16	0.810	1.000	2	SEABALL	-100.553						a2	55.164	198.141	17.264	4.581	b	0.000	168.731	13.908	6.602	c+	-38.347	164.622	10.551	7.758	c-	38.347	164.622	10.551	5.030	d+	-19.174	142.327	8.873	6.885	d-	19.174	142.327	8.873	5.598	
1	2	17	0.810	1.000	2	SEABALL	-100.553						a2	55.164	198.141	19.019	4.586	b	0.000	168.731	15.321	6.606	c+	-40.744	166.204	11.623	7.856	c-	40.744	166.204	11.623	4.938	d+	-20.372	143.434	9.774	6.936	d-	20.372	143.434	9.774	5.564	
1	2	18	0.810	1.000	2	SEABALL	-100.553						a2	55.164	198.141	20.774	4.593	b	0.000	168.731	16.735	6.611	c+	-43.141	167.785	12.696	7.955	c-	43.141	167.785	12.696	4.844	d+	-21.570	144.541	10.676	6.986	d-	21.570	144.541	10.676	5.530	
1	2	19	0.810	1.000	2	SEABALL	-100.553						a2	55.164	198.141	22.528	4.599	b	0.000	168.731	18.148	6.616	c+	-45.537	169.366	13.768	8.055	c-	45.537	169.366	13.768	4.746	d+	-22.769	145.648	11.578	7.037	d-	22.769	145.648	11.578	5.496	
1	2	20	0.810	1.000	2	SEABALL	-100.553						a2	55.164	198.141	24.283	4.607	b	0.000	168.731	19.562	6.621	c+	-47.934	170.947	14.840	8.156	c-	47.934	170.947	14.840	4.645	d+	-23.967	146.755	12.480	7.089	d-	23.967	146.755	12.480	5.461	
1	2	21	0.810	1.000	2	SEABALL	-100.553						a2	55.164	198.141	26.038	4.615	b	0.000	168.731	20.975	6.627	c+	-50.331	172.529	15.913	8.257	c-	50.331	172.529	15.913	4.541	d+	-25.165	147.862	13.381	7.140	d-	25.165	147.862	13.381	5.426	
1	2	22	0.810	1.000	2	SEABALL	-100.553						a2	55.164	198.141	27.792	4.623	b	0.000	168.731	22.389	6.633	c+	-52.727	174.110	16.985	8.360	c-	52.727	174.110	16.985	4.433	d+	-26.364	148.969	14.283	7.192	d-	26.364	148.969	14.283	5.391	
1	2	23	0.670	1.000	2	SEABALL	-100.553						a2	55.164	198.141	29.547	4.121	b	0.000	168.731	23.802	5.907	c+	-55.124	175.691	18.057	7.529	c-	55.124	175.691	18.057	3.843	d+	-27.562	150.075	15.185	6.445	d-	27.562	150.075	15.185	4.764	
1	2	24	0.800	1.000	2	SEABALL		
1	2	25	0.800	1.000	2	SEABALL		
1	3	1	0.800	1.000	2	SEABALL		
1	3	2	3.299	2.100	2	SEABALL		
1	3	3	0.800	1.000	2	SEABALL		
1	4	1	0.800	1.000	2	SEABALL		
1	4	2	0.800	1.000	2	SEABALL		
1	4	3	0.800	1.000	2	SEABALL		
1	4	4	0.800	1.000	2	SEABALL		
1	5	1	0.800	1.000	2	SEABALL		
1	5	2	0.800	1.000	2	SEABALL		
1	5	3	0.800	1.000	2	SEABALL		
1	5	4	0.800	1.000	2	SEABALL		
1	5	5	0.800	1.000	2	SEABALL		
1	6	1	0.800	1.000	2	SEABALL		
1	6	2	0.800	1.000	2	SEABALL		
1	6	3	0.800	1.000	2	SEABALL		
1	6	4	0.800	1.000	2	SEABALL		
1	7	1	0.800	1.000	2	SEABALL		
1	7	2	0.800	1.000	2	SEABALL		
1	7	3	0.800	1.000	2	SEABALL		
1	7	4	0.800	1.000	2	SEABALL		
1	7	5	0.800	1.000	2	SEABALL		
1	8	1	0.800	1.000	2	SEABALL		
1	8	2	0.800	1.000	2	SEABALL		
1	8	3	0.800	1.000	2	SEABALL		
1	8	4	0.800	1.000	2	SEABALL		
1	9	1	0.800	1.000	2	SEABALL		
1	9	2	0.800	1.000	2	SEABALL		
1	9	3	0.800	1.000	2	SEABALL		
1	9	4	0.800	1.000	2	SEABALL		
1	9	5	0.800	1.000	2	SEABALL		
1	10	1	0.800	1.000	2	SEABALL		
1	10	2	0.800	1.000	2	SEABALL		
1	10	3	0.800	1.000	2	SEABALL		
1	10	4	0.700	1.000	2	SEABALL		
1	11	1	0.700	1.000	2	SEABALL		
1	11	2	0.700	1.000	2	SEABALL		
1	11	3	0.700	1.000	2	SEABALL		
1	11	4	1.400	1.000	2	SEABALL		
1	11	5	0.700	1.000	2	SEABALL		
1	12	1	0.700	1.000	2	SEABALL		
1	12	2	0.700	1.000	2	SEABALL		
1	12	3	0.700	1.000	2	SEABALL		
1	12	4	0.901	1.000	2	SEABALL		
1	12	5	0.700	1.000	2	SEABALL		
1	12	6	0.810	1.000	2	SEABALL		
1	12	7	0.810	1.000	2	SEABALL		
1	12	8	0.810	1.000	2	SEABALL		
1	12	9	0.810	1.000	2	SEABALL		
1	12	10	0.810	1.000	2	SEABALL		
1	12	11	0.810	1.000	2	SEABALL		
1	12	12	0.810	1.000	2	SEABALL		
1	12	13	0.810	1.000	2	SEABALL		
1	12	14	0.810	1.000	2	SEABALL		
1	12	15	0.810	1.000	2	SEABALL		
1	12	16	0.810	1.000	2	SEABALL		
1	12	17	0.810	1.000	2	SEABALL		
1	12	18	0.810	1.000	2	SEABALL		
1	12	19	0.810	1.000	2	SEABALL		
1	12	20	0.810	1.000	2	SEABALL		
1	12	21	0.810	1.000	2	SEABALL		
1	12	22	0.810	1.000	2	SEABALL		
1	12	23	0.810	1.000	2	SEABALL		
1	12	24	0.810	1.000	2	SEABALL		
1	12	25	0.810	1.000	2	SEABALL		
1	12	26	0.810	1.000	2	SEABALL		
1	12	27	0.810	1.000	2	SEABALL		
1	12	28	0.787	1.000	2	SEABALL		
2	13	1	6.100	1.000	2	SEABALL		
2	14	1	6.100	1.000	2	SEABALL		
2	15	1	6.100	1.000	2	SEABALL		
2	15	2	5.600	1.000	2	SEABALL		
2	16	1	5.600	1.000	2	SEABALL		
2	17	1	5.600	1.000	2	SEABALL		
2	17	2	5.600	1.000	2	SEABALL		
2	18	1	5.600	1.000	2	SEABALL		
2	19	1	5.600	1.000	2	SEABALL		
2	19	2	6.897	1.000	2	SEABALL		
2	20	1	6.897	1.000	2	SEABALL		
2	21	1	6.897	1.000	2	SEABALL		

'-----EPP "SEABALL 1"
------------------------------------
EPP for: "Midship section"
SEABALL  1 At T_bal
------------------------------------
Panel	Strake	EPP	Spacing	Span	Comp.	Load	ps	Case	pw	SigX1	Tau1	T Load	Case	pw	SigX1	Tau1	T Load	Case	pw	SigX1	Tau1	T Load	Case	pw	SigX1	Tau1	T Load	Case	pw	SigX1	Tau1	T Load	Case	pw	SigX1	Tau1	T Load	Case	pw	SigX1	Tau1	T Load	Case	pw	SigX1	Tau1	T Load	
1	1	2	0.810	1.000	1	SEABALL		
1	2	1	0.810	1.000	1	SEABALL		
1	2	2	0.810	1.000	1	SEABALL		
1	2	3	0.810	1.000	1	SEABALL		
1	2	4	0.810	1.000	1	SEABALL		
1	2	5	0.810	1.000	1	SEABALL		
1	2	6	0.810	1.000	1	SEABALL		
1	2	7	0.810	1.000	1	SEABALL		
1	2	8	0.810	1.000	1	SEABALL		
1	2	9	0.810	1.000	1	SEABALL		
1	2	10	0.810	1.000	1	SEABALL		
1	2	11	0.810	1.000	1	SEABALL		
1	2	12	0.810	1.000	1	SEABALL		
1	2	13	0.810	1.000	1	SEABALL		
1	2	14	0.810	1.000	1	SEABALL		
1	2	15	0.810	1.000	1	SEABALL		
1	2	16	0.810	1.000	1	SEABALL		
1	2	17	0.810	1.000	1	SEABALL		
1	2	18	0.810	1.000	1	SEABALL		
1	2	19	0.810	1.000	1	SEABALL		
1	2	20	0.810	1.000	1	SEABALL		
1	2	21	0.810	1.000	1	SEABALL		
1	2	22	0.810	1.000	1	SEABALL		
1	2	23	0.670	1.000	1	SEABALL		
1	2	24	0.800	1.000	1	SEABALL	142.750						a2	55.164	198.141	12.470	9.997	b	86.351	168.731	10.045	10.009	c+	1.043	176.999	7.621	7.969	c-	6.902	176.999	7.621	8.141	d+	54.517	150.991	6.409	8.935	d-	-42.751	150.991	6.409	6.206	
1	2	25	0.800	1.000	1	SEABALL	142.750						a2	55.164	198.141	14.211	10.006	b	86.351	168.731	11.448	10.014	c+	0.553	178.561	8.685	7.986	c-	7.392	178.561	8.685	8.187	d+	56.016	152.084	7.304	8.990	d-	-44.250	152.084	7.304	6.168	
1	3	1	0.800	1.000	1	SEABALL	142.750						a2	55.164	198.141	14.211	10.006	b	86.351	168.731	11.448	10.014	c+	0.553	178.561	8.685	7.986	c-	7.392	178.561	8.685	8.187	d+	56.016	152.084	7.304	8.990	d-	-44.250	152.084	7.304	6.168	
1	3	2	3.299	2.100	1	SEABALL	142.750						a2	55.164	198.141	15.953	18.540	b	86.351	168.731	12.851	18.545	c+	0.064	180.123	9.750	14.815	c-	7.881	180.123	9.750	15.243	d+	57.515	153.178	8.199	16.742	d-	-45.749	153.178	8.199	11.344	
1	3	3	0.800	1.000	1	SEABALL	142.750						a2	66.749	163.522	19.885	9.490	b	78.856	139.250	16.018	9.336	c+	-20.559	159.880	12.152	7.049	c-	25.595	159.880	12.152	8.368	d+	47.094	134.274	10.219	8.527	d-	-35.327	134.274	10.219	6.286	
1	4	1	0.800	1.000	1	SEABALL	142.750						a2	66.749	163.522	19.885	12.238	b	78.856	139.250	16.018	11.445	c+	-20.559	159.880	12.152	8.963	c-	25.595	159.880	12.152	10.639	d+	47.094	134.274	10.219	10.359	d-	-35.327	134.274	10.219	7.636	
1	4	2	0.800	1.000	1	SEABALL	142.750						a2	71.162	150.333	23.642	11.771	b	76.001	128.020	19.046	11.037	c+	-27.926	150.607	14.449	8.371	c-	19.474	150.607	14.449	10.077	d+	41.625	125.980	12.151	9.986	d-	-29.859	125.980	12.151	7.681	
1	4	3	0.800	1.000	1	SEABALL	142.750						a2	63.348	137.145	24.872	11.054	b	73.146	116.789	20.036	10.671	c+	-35.293	141.334	15.200	7.827	c-	13.352	141.334	15.200	9.572	d+	36.156	117.685	12.782	9.637	d-	-24.390	117.685	12.782	7.727	
1	4	4	0.800	1.000	1	SEABALL	142.750						a2	55.304	123.957	25.931	10.444	b	70.292	105.558	20.889	10.352	c+	-42.660	132.060	15.848	7.326	c-	7.230	132.060	15.848	9.120	d+	30.688	109.391	13.327	9.314	d-	-18.921	109.391	13.327	7.780	
1	5	1	0.800	1.000	1	SEABALL	142.750						a2	55.304	123.957	25.931	10.444	b	70.292	105.558	20.889	10.352	c+	-42.660	132.060	15.848	7.326	c-	7.230	132.060	15.848	9.120	d+	30.688	109.391	13.327	9.314	d-	-18.921	109.391	13.327	7.780	
1	5	2	0.800	1.000	1	SEABALL	142.750						a2	47.260	110.769	29.451	9.948	b	67.437	94.327	23.725	10.089	c+	-50.027	122.787	17.999	6.866	c-	1.109	122.787	17.999	8.720	d+	25.219	101.096	15.136	9.018	d-	-18.254	101.096	15.136	7.684	
1	5	3	0.800	1.000	1	SEABALL	142.750						a2	39.215	97.580	30.005	9.473	b	64.582	83.096	24.171	9.837	c+	-57.394	113.514	18.338	6.417	c-	-5.013	113.514	18.338	8.339	d+	19.750	92.801	15.421	8.733	d-	-23.552	92.801	15.421	7.396	
1	5	4	0.800	1.000	1	SEABALL	142.750						a2	31.171	84.392	30.745	9.047	b	61.727	71.866	24.767	9.612	c+	-64.761	104.240	18.790	5.984	c-	-11.135	104.240	18.790	7.986	d+	14.281	84.507	15.801	8.463	d-	-28.850	84.507	15.801	7.120	
1	5	5	0.800	1.000	1	SEABALL	142.750						a2	23.127	71.203	31.375	8.658	b	58.872	60.635	25.275	9.410	c+	-72.128	94.967	19.175	5.558	c-	-17.256	94.967	19.175	7.652	d+	8.813	76.212	16.125	8.205	d-	-34.147	76.212	16.125	6.855	
1	6	1	0.800	1.000	1	SEABALL	142.750						a2	23.127	71.203	31.375	8.658	b	58.872	60.635	25.275	9.410	c+	-72.128	94.967	19.175	5.558	c-	-17.256	94.967	19.175	7.652	d+	8.813	76.212	16.125	8.205	d-	-34.147	76.212	16.125	6.855	
1	6	2	0.800	1.000	1	SEABALL	142.750						a2	15.083	58.015	31.895	8.297	b	56.017	49.404	25.694	9.227	c+	-79.495	85.694	19.493	5.135	c-	-23.378	85.694	19.493	7.335	d+	3.344	67.918	16.392	7.958	d-	-39.445	67.918	16.392	6.596	
1	6	3	0.800	1.000	1	SEABALL	142.750						a2	7.039	44.827	32.298	7.957	b	53.162	38.173	26.018	9.060	c+	-86.862	76.420	19.738	4.706	c-	-29.499	76.420	19.738	7.031	d+	-2.125	59.623	16.599	7.720	d-	-44.743	59.623	16.599	6.344	
1	6	4	0.800	1.000	1	SEABALL	141.744						a2	0.000	31.638	32.593	7.637	b	50.307	26.942	26.256	8.885	c+	-92.543	67.147	19.919	4.305	c-	-34.616	67.147	19.919	6.740	d+	-6.248	51.329	16.750	7.501	d-	-49.035	51.329	16.750	6.099	
1	7	1	0.800	1.000	1	SEABALL	141.744						a2	0.000	31.638	32.593	7.637	b	50.307	26.942	26.256	8.885	c+	-92.543	67.147	19.919	4.305	c-	-34.616	67.147	19.919	6.740	d+	-6.248	51.329	16.750	7.501	d-	-49.035	51.329	16.750	6.099	
1	7	2	0.800	1.000	1	SEABALL	133.700						a2	0.000	18.450	32.781	7.344	b	47.452	15.712	26.407	8.561	c+	-86.421	57.874	20.034	4.182	c-	-32.693	57.874	20.034	6.472	d+	-0.950	43.034	16.847	7.374	d-	-46.288	43.034	16.847	5.873	
1	7	3	0.800	1.000	1	SEABALL	125.656						a2	0.000	5.262	32.846	7.061	b	44.597	4.481	26.460	8.244	c+	-80.299	48.601	20.074	4.065	c-	-30.770	48.601	20.074	6.210	d+	4.348	34.740	16.881	7.254	d-	-43.542	34.740	16.881	5.650	
1	7	4	0.800	1.000	1	SEABALL	117.612						a2	0.000	7.927	32.823	6.842	b	41.742	6.750	26.441	7.986	c+	-74.178	50.475	20.059	3.996	c-	-28.848	50.475	20.059	6.018	d+	9.645	36.416	16.868	7.197	d-	-40.795	36.416	16.868	5.473	
1	7	5	0.800	1.000	1	SEABALL	109.567						a2	0.000	21.115	32.697	6.660	b	38.887	17.981	26.340	7.761	c+	-68.056	59.748	19.982	3.957	c-	-26.925	59.748	19.982	5.866	d+	14.943	44.710	16.804	7.184	d-	-38.049	44.710	16.804	5.320	
1	8	1	0.800	1.000	1	SEABALL	109.567						a2	0.000	21.115	32.697	6.660	b	38.887	17.981	26.340	7.761	c+	-68.056	59.748	19.982	3.957	c-	-26.925	59.748	19.982	5.866	d+	14.943	44.710	16.804	7.184	d-	-38.049	44.710	16.804	5.320	
1	8	2	0.800	1.000	1	SEABALL	101.523						a2	0.000	34.303	32.468	6.477	b	36.032	29.212	26.155	7.532	c+	-61.934	69.021	19.842	3.920	c-	-25.003	69.021	19.842	5.709	d+	20.241	53.005	16.686	7.176	d-	-35.302	53.005	16.686	5.162	
1	8	3	0.800	1.000	1	SEABALL	93.479						a2	0.000	47.492	32.143	6.292	b	33.177	40.443	25.894	7.297	c+	-55.813	78.294	19.644	3.885	c-	-23.080	78.294	19.644	5.545	d+	25.538	61.300	16.519	7.173	d-	-32.556	61.300	16.519	4.997	
1	8	4	0.800	1.000	1	SEABALL	85.435						a2	0.000	60.680	31.718	6.102	b	30.322	51.673	25.551	7.052	c+	-49.691	87.568	19.384	3.851	c-	-21.158	87.568	19.384	5.373	d+	30.836	69.594	16.301	7.174	d-	-29.809	69.594	16.301	4.824	
1	9	1	0.800	1.000	1	SEABALL	85.435						a2	0.000	60.680	31.718	6.102	b	30.322	51.673	25.551	7.052	c+	-49.691	87.568	19.384	3.851	c-	-21.158	87.568	19.384	5.373	d+	30.836	69.594	16.301	7.174	d-	-29.809	69.594	16.301	4.824	
1	9	2	0.800	1.000	1	SEABALL	77.391						a2	0.000	73.868	31.192	5.906	b	27.467	62.904	25.128	6.797	c+	-43.570	96.841	19.063	3.820	c-	-19.235	96.841	19.063	5.190	d+	36.134	77.889	16.031	7.182	d-	-27.063	77.889	16.031	4.640	
1	9	3	0.800	1.000	1	SEABALL	69.346						a2	0.000	87.057	30.768	5.702	b	24.612	74.135	24.786	6.527	c+	-37.448	106.114	18.804	3.792	c-	-17.312	106.114	18.804	4.996	d+	36.082	86.183	15.813	7.013	d-	-24.316	86.183	15.813	4.443	
1	9	4	0.800	1.000	1	SEABALL	61.302						a2	0.000	100.245	30.026	5.485	b	21.757	85.366	24.188	6.238	c+	-31.326	115.388	18.350	3.766	c-	-15.390	115.388	18.350	4.784	d+	33.336	94.478	15.431	6.737	d-	-21.570	94.478	15.431	4.230	
1	9	5	0.800	1.000	1	SEABALL	53.258						a2	0.000	113.433	29.181	5.251	b	18.902	96.597	23.507	5.922	c+	-25.205	124.661	17.834	3.744	c-	-13.467	124.661	17.834	4.551	d+	30.589	102.772	14.997	6.439	d-	-18.823	102.772	14.997	3.996	
1	10	1	0.800	1.000	1	SEABALL	53.258						a2	0.000	113.433	29.181	5.251	b	18.902	96.597	23.507	5.922	c+	-25.205	124.661	17.834	3.744	c-	-13.467	124.661	17.834	4.551	d+	30.589	102.772	14.997	6.439	d-	-18.823	102.772	14.997	3.996	
1	10	2	0.800	1.000	1	SEABALL	45.214						a2	0.000	126.622	28.233	4.992	b	16.047	107.828	22.744	5.573	c+	-19.083	133.934	17.254	3.726	c-	-11.545	133.934	17.254	4.289	d+	27.843	111.067	14.510	6.113	d-	-16.077	111.067	14.510	3.736	
1	10	3	0.800	1.000	1	SEABALL	37.170						a2	0.000	139.810	27.182	4.700	b	13.192	119.058	21.897	5.177	c+	-15.170	143.207	16.612	3.521	c-	-9.622	143.207	16.612	3.989	d+	25.096	119.361	13.970	5.751	d-	-13.330	119.361	13.970	3.440	
1	10	4	0.700	1.000	1	SEABALL	29.125						a2	0.000	152.998	26.029	4.013	b	10.337	130.289	20.968	4.342	c+	-17.093	152.481	15.908	2.410	c-	-7.700	152.481	15.908	3.346	d+	22.350	127.656	13.377	4.922	d-	-10.583	127.656	13.377	2.852	
1	11	1	0.700	1.000	1	SEABALL	29.125						a2	0.000	152.998	26.029	3.172	b	10.337	130.289	20.968	3.578	c+	-17.093	152.481	15.908	1.922	c-	-7.700	152.481	15.908	2.669	d+	22.350	127.656	13.377	4.082	d-	-10.583	127.656	13.377	2.365	
1	11	2	0.700	1.000	1	SEABALL	22.087						a2	0.000	164.538	23.045	2.820	b	7.839	140.116	18.565	3.160	c+	-18.775	160.595	14.084	0.837	c-	-6.017	160.595	14.084	2.344	d+	19.947	134.914	11.844	3.732	d-	-8.180	134.914	11.844	2.068	
1	11	3	0.700	1.000	1	SEABALL	15.048						a2	0.000	176.078	21.899	2.386	b	5.341	149.943	17.641	2.651	c+	-20.457	168.709	13.383	1.575	c-	-4.335	168.709	13.383	1.943	d+	17.543	142.171	11.255	3.330	d-	-5.777	142.171	11.255	1.705	
1	11	4	1.400	1.000	1	SEABALL		
1	11	5	0.700	1.000	1	SEABALL		
1	12	1	0.700	1.000	1	SEABALL		
1	12	2	0.700	1.000	1	SEABALL		
1	12	3	0.700	1.000	1	SEABALL		
1	12	4	0.901	1.000	1	SEABALL		
1	12	5	0.700	1.000	1	SEABALL		
1	12	6	0.810	1.000	1	SEABALL		
1	12	7	0.810	1.000	1	SEABALL		
1	12	8	0.810	1.000	1	SEABALL		
1	12	9	0.810	1.000	1	SEABALL		
1	12	10	0.810	1.000	1	SEABALL		
1	12	11	0.810	1.000	1	SEABALL		
1	12	12	0.810	1.000	1	SEABALL		
1	12	13	0.810	1.000	1	SEABALL		
1	12	14	0.810	1.000	1	SEABALL		
1	12	15	0.810	1.000	1	SEABALL		
1	12	16	0.810	1.000	1	SEABALL		
1	12	17	0.810	1.000	1	SEABALL		
1	12	18	0.810	1.000	1	SEABALL		
1	12	19	0.810	1.000	1	SEABALL		
1	12	20	0.810	1.000	1	SEABALL		
1	12	21	0.810	1.000	1	SEABALL		
1	12	22	0.810	1.000	1	SEABALL		
1	12	23	0.810	1.000	1	SEABALL		
1	12	24	0.810	1.000	1	SEABALL		
1	12	25	0.810	1.000	1	SEABALL		
1	12	26	0.810	1.000	1	SEABALL		
1	12	27	0.810	1.000	1	SEABALL		
1	12	28	0.787	1.000	1	SEABALL		
2	13	1	6.100	1.000	1	SEABALL		
2	14	1	6.100	1.000	1	SEABALL		
2	15	1	6.100	1.000	1	SEABALL		
2	15	2	5.600	1.000	1	SEABALL		
2	16	1	5.600	1.000	1	SEABALL		
2	17	1	5.600	1.000	1	SEABALL		
2	17	2	5.600	1.000	1	SEABALL		
2	18	1	5.600	1.000	1	SEABALL		
2	19	1	5.600	1.000	1	SEABALL		
2	19	2	6.897	1.000	1	SEABALL		
2	20	1	6.897	1.000	1	SEABALL		
2	21	1	6.897	1.000	1	SEABALL		

'-----EPP "BALL 1"
------------------------------------
EPP for: "Midship section"
BALL  1 At T_bal
------------------------------------
Panel	Strake	EPP	Spacing	Span	Comp.	Load	ps	Case	pw	SigX1	Tau1	T Load	Case	pw	SigX1	Tau1	T Load	Case	pw	SigX1	Tau1	T Load	Case	pw	SigX1	Tau1	T Load	Case	pw	SigX1	Tau1	T Load	Case	pw	SigX1	Tau1	T Load	Case	pw	SigX1	Tau1	T Load	Case	pw	SigX1	Tau1	T Load	
1	1	2	0.810	1.000	1	BALL		
1	2	1	0.810	1.000	1	BALL		
1	2	2	0.810	1.000	1	BALL		
1	2	3	0.810	1.000	1	BALL		
1	2	4	0.810	1.000	1	BALL		
1	2	5	0.810	1.000	1	BALL		
1	2	6	0.810	1.000	1	BALL		
1	2	7	0.810	1.000	1	BALL		
1	2	8	0.810	1.000	1	BALL		
1	2	9	0.810	1.000	1	BALL		
1	2	10	0.810	1.000	1	BALL		
1	2	11	0.810	1.000	1	BALL		
1	2	12	0.810	1.000	1	BALL		
1	2	13	0.810	1.000	1	BALL		
1	2	14	0.810	1.000	1	BALL		
1	2	15	0.810	1.000	1	BALL		
1	2	16	0.810	1.000	1	BALL		
1	2	17	0.810	1.000	1	BALL		
1	2	18	0.810	1.000	1	BALL		
1	2	19	0.810	1.000	1	BALL		
1	2	20	0.810	1.000	1	BALL		
1	2	21	0.810	1.000	1	BALL		
1	2	22	0.810	1.000	1	BALL		
1	2	23	0.670	1.000	1	BALL		
1	2	24	0.800	1.000	1	BALL		
1	2	25	0.800	1.000	1	BALL		
1	3	1	0.800	1.000	1	BALL		
1	3	2	3.299	2.100	1	BALL		
1	3	3	0.800	1.000	1	BALL		
1	4	1	0.800	1.000	1	BALL		
1	4	2	0.800	1.000	1	BALL		
1	4	3	0.800	1.000	1	BALL		
1	4	4	0.800	1.000	1	BALL		
1	5	1	0.800	1.000	1	BALL		
1	5	2	0.800	1.000	1	BALL		
1	5	3	0.800	1.000	1	BALL		
1	5	4	0.800	1.000	1	BALL		
1	5	5	0.800	1.000	1	BALL		
1	6	1	0.800	1.000	1	BALL		
1	6	2	0.800	1.000	1	BALL		
1	6	3	0.800	1.000	1	BALL		
1	6	4	0.800	1.000	1	BALL		
1	7	1	0.800	1.000	1	BALL		
1	7	2	0.800	1.000	1	BALL		
1	7	3	0.800	1.000	1	BALL		
1	7	4	0.800	1.000	1	BALL		
1	7	5	0.800	1.000	1	BALL		
1	8	1	0.800	1.000	1	BALL		
1	8	2	0.800	1.000	1	BALL		
1	8	3	0.800	1.000	1	BALL		
1	8	4	0.800	1.000	1	BALL		
1	9	1	0.800	1.000	1	BALL		
1	9	2	0.800	1.000	1	BALL		
1	9	3	0.800	1.000	1	BALL		
1	9	4	0.800	1.000	1	BALL		
1	9	5	0.800	1.000	1	BALL		
1	10	1	0.800	1.000	1	BALL		
1	10	2	0.800	1.000	1	BALL		
1	10	3	0.800	1.000	1	BALL		
1	10	4	0.700	1.000	1	BALL		
1	11	1	0.700	1.000	1	BALL		
1	11	2	0.700	1.000	1	BALL		
1	11	3	0.700	1.000	1	BALL		
1	11	4	1.400	1.000	1	BALL	8.009						a2	0.000	187.618	20.676	3.052	b	2.843	159.770	16.656	3.356	c+	10.598	176.823	12.636	4.597	c-	-2.653	176.823	12.636	2.377	d+	15.140	149.429	10.626	4.862	d-	-3.374	149.429	10.626	2.073	
1	11	5	0.700	1.000	1	BALL	7.313						a2	0.000	199.760	17.071	1.767	b	0.214	170.110	13.752	1.659	c+	5.543	182.628	10.433	2.261	c-	2.402	182.628	10.433	1.953	d+	7.919	155.153	8.773	2.326	d-	3.847	155.153	8.773	1.979	
1	12	1	0.700	1.000	1	BALL	7.313						a2	0.000	199.760	17.071	1.767	b	0.214	170.110	13.752	1.659	c+	5.543	182.628	10.433	2.261	c-	2.402	182.628	10.433	1.953	d+	7.919	155.153	8.773	2.326	d-	3.847	155.153	8.773	1.979	
1	12	2	0.700	1.000	1	BALL	7.313						a2	0.000	200.061	15.280	1.767	b	0.149	170.366	12.309	1.651	c+	3.857	181.474	9.338	2.094	c-	4.088	181.474	9.338	2.117	d+	5.510	154.386	7.853	2.124	d-	6.256	154.386	7.853	2.187	
1	12	3	0.700	1.000	1	BALL	7.313						a2	0.000	200.362	13.487	1.767	b	0.084	170.622	10.864	1.644	c+	2.171	180.319	8.242	1.916	c-	5.774	180.319	8.242	2.267	d+	3.101	153.619	6.931	1.903	d-	8.665	153.619	6.931	2.376	
1	12	4	0.901	1.000	1	BALL	7.313						a2	0.000	200.749	11.423	2.052	b	0.000	170.952	9.202	1.898	c+	0.000	178.833	6.981	1.931	c-	7.945	178.833	6.981	2.840	d+	0.000	152.631	5.871	1.829	d-	11.766	152.631	5.871	3.017	
1	12	5	0.700	1.000	1	BALL		
1	12	6	0.810	1.000	1	BALL		
1	12	7	0.810	1.000	1	BALL		
1	12	8	0.810	1.000	1	BALL		
1	12	9	0.810	1.000	1	BALL		
1	12	10	0.810	1.000	1	BALL		
1	12	11	0.810	1.000	1	BALL		
1	12	12	0.810	1.000	1	BALL		
1	12	13	0.810	1.000	1	BALL		
1	12	14	0.810	1.000	1	BALL		
1	12	15	0.810	1.000	1	BALL		
1	12	16	0.810	1.000	1	BALL		
1	12	17	0.810	1.000	1	BALL		
1	12	18	0.810	1.000	1	BALL		
1	12	19	0.810	1.000	1	BALL		
1	12	20	0.810	1.000	1	BALL		
1	12	21	0.810	1.000	1	BALL		
1	12	22	0.810	1.000	1	BALL		
1	12	23	0.810	1.000	1	BALL		
1	12	24	0.810	1.000	1	BALL		
1	12	25	0.810	1.000	1	BALL		
1	12	26	0.810	1.000	1	BALL		
1	12	27	0.810	1.000	1	BALL		
1	12	28	0.787	1.000	1	BALL		
2	13	1	6.100	1.000	1	BALL	243.302						a2	0.000	198.141	24.371	75.789	b	86.351	168.731	19.633	82.222	c+	58.149	176.999	14.894	79.710	c-	-50.204	176.999	14.894	62.790	d+	83.071	150.991	12.525	78.742	d-	-71.304	150.991	12.525	55.832	
2	14	1	6.100	1.000	1	BALL	243.302						a2	0.000	198.141	24.371	116.712	b	86.351	168.731	19.633	107.580	c+	58.149	176.999	14.894	106.757	c-	-50.204	176.999	14.894	84.096	d+	83.071	150.991	12.525	98.294	d-	-71.304	150.991	12.525	69.695	
2	15	1	6.100	1.000	1	BALL	243.302						a2	0.000	198.141	24.371	116.712	b	86.351	168.731	19.633	107.580	c+	58.149	176.999	14.894	106.757	c-	-50.204	176.999	14.894	84.096	d+	83.071	150.991	12.525	98.294	d-	-71.304	150.991	12.525	69.695	
2	15	2	5.600	1.000	1	BALL	181.965						a2	0.000	97.580	28.126	58.958	b	64.582	83.096	22.657	67.213	c+	43.490	106.290	17.189	66.517	c-	-35.545	106.290	17.189	52.792	d+	62.128	87.745	14.455	66.977	d-	-50.362	87.745	14.455	48.089	
2	16	1	5.600	1.000	1	BALL	181.965						a2	0.000	97.580	28.126	58.958	b	64.582	83.096	22.657	67.213	c+	43.490	106.290	17.189	66.517	c-	-35.545	106.290	17.189	52.792	d+	62.128	87.745	14.455	66.977	d-	-50.362	87.745	14.455	48.089	
2	17	1	5.600	1.000	1	BALL	181.965						a2	0.000	97.580	28.126	58.958	b	64.582	83.096	22.657	67.213	c+	43.490	106.290	17.189	66.517	c-	-35.545	106.290	17.189	52.792	d+	62.128	87.745	14.455	66.977	d-	-50.362	87.745	14.455	48.089	
2	17	2	5.600	1.000	1	BALL	125.656						a2	0.000	5.262	37.096	44.580	b	44.597	4.481	29.884	51.960	c+	30.032	41.377	22.671	50.641	c-	-22.087	41.377	22.671	40.720	d+	42.903	29.684	19.065	52.152	d-	-31.136	29.684	19.065	38.261	
2	18	1	5.600	1.000	1	BALL	125.656						a2	0.000	5.262	37.096	44.580	b	44.597	4.481	29.884	51.960	c+	30.032	41.377	22.671	50.641	c-	-22.087	41.377	22.671	40.720	d+	42.903	29.684	19.065	52.152	d-	-31.136	29.684	19.065	38.261	
2	19	1	5.600	1.000	1	BALL	125.656						a2	0.000	5.262	37.096	44.580	b	44.597	4.481	29.884	51.960	c+	30.032	41.377	22.671	50.641	c-	-22.087	41.377	22.671	40.720	d+	42.903	29.684	19.065	52.152	d-	-31.136	29.684	19.065	38.261	
2	19	2	6.897	1.000	1	BALL	69.346						a2	0.000	87.057	40.599	44.752	b	24.612	74.135	32.706	50.936	c+	16.574	98.891	24.812	50.175	c-	-8.629	98.891	24.812	41.688	d+	23.677	81.127	20.865	50.607	d-	-11.911	81.127	20.865	39.129	
2	20	1	6.897	1.000	1	BALL	69.346						a2	0.000	87.057	40.599	44.752	b	24.612	74.135	32.706	50.936	c+	16.574	98.891	24.812	50.175	c-	-8.629	98.891	24.812	41.688	d+	23.677	81.127	20.865	50.607	d-	-11.911	81.127	20.865	39.129	
2	21	1	6.897	1.000	1	BALL	69.346						a2	0.000	87.057	40.599	37.924	b	24.612	74.135	32.706	43.730	c+	16.574	98.891	24.812	42.567	c-	-8.629	98.891	24.812	35.367	d+	23.677	81.127	20.865	43.502	d-	-11.911	81.127	20.865	33.636	

'-----EPP "BALL 2"
------------------------------------
EPP for: "Midship section"
BALL  2 At T_bal
------------------------------------
Panel	Strake	EPP	Spacing	Span	Comp.	Load	ps	Case	pw	SigX1	Tau1	T Load	Case	pw	SigX1	Tau1	T Load	Case	pw	SigX1	Tau1	T Load	Case	pw	SigX1	Tau1	T Load	Case	pw	SigX1	Tau1	T Load	Case	pw	SigX1	Tau1	T Load	Case	pw	SigX1	Tau1	T Load	Case	pw	SigX1	Tau1	T Load	
1	1	2	0.810	1.000	2	BALL		
1	2	1	0.810	1.000	2	BALL		
1	2	2	0.810	1.000	2	BALL		
1	2	3	0.810	1.000	2	BALL		
1	2	4	0.810	1.000	2	BALL		
1	2	5	0.810	1.000	2	BALL		
1	2	6	0.810	1.000	2	BALL		
1	2	7	0.810	1.000	2	BALL		
1	2	8	0.810	1.000	2	BALL		
1	2	9	0.810	1.000	2	BALL		
1	2	10	0.810	1.000	2	BALL		
1	2	11	0.810	1.000	2	BALL		
1	2	12	0.810	1.000	2	BALL		
1	2	13	0.810	1.000	2	BALL		
1	2	14	0.810	1.000	2	BALL		
1	2	15	0.810	1.000	2	BALL		
1	2	16	0.810	1.000	2	BALL		
1	2	17	0.810	1.000	2	BALL		
1	2	18	0.810	1.000	2	BALL		
1	2	19	0.810	1.000	2	BALL		
1	2	20	0.810	1.000	2	BALL		
1	2	21	0.810	1.000	2	BALL		
1	2	22	0.810	1.000	2	BALL		
1	2	23	0.670	1.000	2	BALL		
1	2	24	0.800	1.000	2	BALL		
1	2	25	0.800	1.000	2	BALL		
1	3	1	0.800	1.000	2	BALL		
1	3	2	3.299	2.100	2	BALL		
1	3	3	0.800	1.000	2	BALL		
1	4	1	0.800	1.000	2	BALL		
1	4	2	0.800	1.000	2	BALL		
1	4	3	0.800	1.000	2	BALL		
1	4	4	0.800	1.000	2	BALL		
1	5	1	0.800	1.000	2	BALL		
1	5	2	0.800	1.000	2	BALL		
1	5	3	0.800	1.000	2	BALL		
1	5	4	0.800	1.000	2	BALL		
1	5	5	0.800	1.000	2	BALL		
1	6	1	0.800	1.000	2	BALL		
1	6	2	0.800	1.000	2	BALL		
1	6	3	0.800	1.000	2	BALL		
1	6	4	0.800	1.000	2	BALL		
1	7	1	0.800	1.000	2	BALL		
1	7	2	0.800	1.000	2	BALL		
1	7	3	0.800	1.000	2	BALL		
1	7	4	0.800	1.000	2	BALL		
1	7	5	0.800	1.000	2	BALL		
1	8	1	0.800	1.000	2	BALL		
1	8	2	0.800	1.000	2	BALL		
1	8	3	0.800	1.000	2	BALL		
1	8	4	0.800	1.000	2	BALL		
1	9	1	0.800	1.000	2	BALL		
1	9	2	0.800	1.000	2	BALL		
1	9	3	0.800	1.000	2	BALL		
1	9	4	0.800	1.000	2	BALL		
1	9	5	0.800	1.000	2	BALL		
1	10	1	0.800	1.000	2	BALL		
1	10	2	0.800	1.000	2	BALL		
1	10	3	0.800	1.000	2	BALL		
1	10	4	0.700	1.000	2	BALL		
1	11	1	0.700	1.000	2	BALL		
1	11	2	0.700	1.000	2	BALL		
1	11	3	0.700	1.000	2	BALL		
1	11	4	1.400	1.000	2	BALL		
1	11	5	0.700	1.000	2	BALL		
1	12	1	0.700	1.000	2	BALL		
1	12	2	0.700	1.000	2	BALL		
1	12	3	0.700	1.000	2	BALL		
1	12	4	0.901	1.000	2	BALL		
1	12	5	0.700	1.000	2	BALL	0.000						a2	0.000	201.050	31.654	0.000	b	0.000	171.208	25.499	0.000	c+	0.000	177.678	19.345	0.000	c-	0.000	177.678	19.345	0.000	d+	0.000	151.864	16.268	0.000	d-	0.000	151.864	16.268	0.000	
1	12	6	0.810	1.000	2	BALL	0.000						a2	0.000	201.398	29.705	0.000	b	0.000	171.505	23.929	0.000	c+	0.000	176.343	18.154	0.000	c-	0.000	176.343	18.154	0.000	d+	0.000	150.977	15.266	0.000	d-	0.000	150.977	15.266	0.000	
1	12	7	0.810	1.000	2	BALL	0.000						a2	0.000	201.746	27.753	0.000	b	0.000	171.801	22.357	0.000	c+	0.000	175.007	16.961	0.000	c-	0.000	175.007	16.961	0.000	d+	0.000	150.089	14.263	0.000	d-	0.000	150.089	14.263	0.000	
1	12	8	0.810	1.000	2	BALL	0.000						a2	0.000	202.095	25.797	0.000	b	0.000	172.098	20.781	0.000	c+	0.000	173.671	15.766	0.000	c-	0.000	173.671	15.766	0.000	d+	0.000	149.202	13.258	0.000	d-	0.000	149.202	13.258	0.000	
1	12	9	0.810	1.000	2	BALL	0.000						a2	0.000	202.443	23.838	0.000	b	0.000	172.395	19.203	0.000	c+	0.000	172.335	14.568	0.000	c-	0.000	172.335	14.568	0.000	d+	0.000	148.314	12.251	0.000	d-	0.000	148.314	12.251	0.000	
1	12	10	0.810	1.000	2	BALL	0.000						a2	0.000	202.791	21.876	0.000	b	0.000	172.691	17.622	0.000	c+	0.000	170.999	13.369	0.000	c-	0.000	170.999	13.369	0.000	d+	0.000	147.427	11.243	0.000	d-	0.000	147.427	11.243	0.000	
1	12	11	0.810	1.000	2	BALL	0.000						a2	0.000	203.139	19.910	0.000	b	0.000	172.988	16.039	0.000	c+	0.000	169.663	12.168	0.000	c-	0.000	169.663	12.168	0.000	d+	0.000	146.539	10.232	0.000	d-	0.000	146.539	10.232	0.000	
1	12	12	0.810	1.000	2	BALL	0.000						a2	0.000	203.487	17.941	0.000	b	0.000	173.284	14.453	0.000	c+	0.000	168.327	10.964	0.000	c-	0.000	168.327	10.964	0.000	d+	0.000	145.652	9.220	0.000	d-	0.000	145.652	9.220	0.000	
1	12	13	0.810	1.000	2	BALL	0.000						a2	0.000	203.836	15.968	0.000	b	0.000	173.581	12.864	0.000	c+	0.000	166.991	9.759	0.000	c-	0.000	166.991	9.759	0.000	d+	0.000	144.764	8.207	0.000	d-	0.000	144.764	8.207	0.000	
1	12	14	0.810	1.000	2	BALL	0.000						a2	0.000	204.184	13.992	0.000	b	0.000	173.877	11.272	0.000	c+	0.000	165.655	8.551	0.000	c-	0.000	165.655	8.551	0.000	d+	0.000	143.877	7.191	0.000	d-	0.000	143.877	7.191	0.000	
1	12	15	0.810	1.000	2	BALL	0.000						a2	0.000	204.532	12.013	0.000	b	0.000	174.174	9.677	0.000	c+	0.000	164.319	7.342	0.000	c-	0.000	164.319	7.342	0.000	d+	0.000	142.989	6.174	0.000	d-	0.000	142.989	6.174	0.000	
1	12	16	0.810	1.000	2	BALL	0.000						a2	0.000	204.880	10.030	0.000	b	0.000	174.470	8.080	0.000	c+	0.000	162.984	6.130	0.000	c-	0.000	162.984	6.130	0.000	d+	0.000	142.102	5.155	0.000	d-	0.000	142.102	5.155	0.000	
1	12	17	0.810	1.000	2	BALL	0.000						a2	0.000	205.229	8.044	0.000	b	0.000	174.767	6.480	0.000	c+	0.000	161.648	4.916	0.000	c-	0.000	161.648	4.916	0.000	d+	0.000	141.214	4.134	0.000	d-	0.000	141.214	4.134	0.000	
1	12	18	0.810	1.000	2	BALL	0.000						a2	0.000	205.577	6.055	0.000	b	0.000	175.063	4.878	0.000	c+	0.000	160.312	3.700	0.000	c-	0.000	160.312	3.700	0.000	d+	0.000	140.326	3.112	0.000	d-	0.000	140.326	3.112	0.000	
1	12	19	0.810	1.000	2	BALL	0.000						a2	0.000	205.925	4.062	0.000	b	0.000	175.360	3.272	0.000	c+	0.000	158.976	2.483	0.000	c-	0.000	158.976	2.483	0.000	d+	0.000	139.439	2.088	0.000	d-	0.000	139.439	2.088	0.000	
1	12	20	0.810	1.000	2	BALL	0.000						a2	0.000	206.273	2.066	0.000	b	0.000	175.656	1.664	0.000	c+	0.000	157.640	1.263	0.000	c-	0.000	157.640	1.263	0.000	d+	0.000	138.551	1.062	0.000	d-	0.000	138.551	1.062	0.000	
1	12	21	0.810	1.000	2	BALL	0.000						a2	0.000	206.622	0.066	0.000	b	0.000	175.953	0.054	0.000	c+	0.000	156.304	0.041	0.000	c-	0.000	156.304	0.041	0.000	d+	0.000	137.664	0.034	0.000	d-	0.000	137.664	0.034	0.000	
1	12	22	0.810	1.000	2	BALL	0.000						a2	0.000	206.970	1.937	0.000	b	0.000	176.250	1.560	0.000	c+	0.000	154.968	1.184	0.000	c-	0.000	154.968	1.184	0.000	d+	0.000	136.776	0.995	0.000	d-	0.000	136.776	0.995	0.000	
1	12	23	0.810	1.000	2	BALL	0.000						a2	0.000	207.318	3.943	0.000	b	0.000	176.546	3.176	0.000	c+	0.000	153.632	2.410	0.000	c-	0.000	153.632	2.410	0.000	d+	0.000	135.889	2.026	0.000	d-	0.000	135.889	2.026	0.000	
1	12	24	0.810	1.000	2	BALL	0.000						a2	0.000	207.666	5.953	0.000	b	0.000	176.843	4.795	0.000	c+	0.000	152.296	3.638	0.000	c-	0.000	152.296	3.638	0.000	d+	0.000	135.001	3.059	0.000	d-	0.000	135.001	3.059	0.000	
1	12	25	0.810	1.000	2	BALL	0.000						a2	0.000	208.014	7.966	0.000	b	0.000	177.139	6.417	0.000	c+	0.000	150.960	4.868	0.000	c-	0.000	150.960	4.868	0.000	d+	0.000	134.114	4.094	0.000	d-	0.000	134.114	4.094	0.000	
1	12	26	0.810	1.000	2	BALL	0.000						a2	0.000	208.363	9.982	0.000	b	0.000	177.436	8.041	0.000	c+	0.000	149.625	6.100	0.000	c-	0.000	149.625	6.100	0.000	d+	0.000	133.226	5.130	0.000	d-	0.000	133.226	5.130	0.000	
1	12	27	0.810	1.000	2	BALL	0.000						a2	0.000	208.711	12.002	0.000	b	0.000	177.732	9.668	0.000	c+	0.000	148.289	7.335	0.000	c-	0.000	148.289	7.335	0.000	d+	0.000	132.339	6.168	0.000	d-	0.000	132.339	6.168	0.000	
1	12	28	0.787	1.000	2	BALL	0.000						a2	0.000	209.049	13.993	0.000	b	0.000	178.020	11.272	0.000	c+	0.000	146.991	8.552	0.000	c-	0.000	146.991	8.552	0.000	d+	0.000	131.477	7.191	0.000	d-	0.000	131.477	7.191	0.000	
2	13	1	6.100	1.000	2	BALL	0.000						a2	0.000	198.141	24.371	0.000	b	0.000	168.731	19.633	0.000	c+	0.000	176.999	14.894	0.000	c-	0.000	176.999	14.894	0.000	d+	0.000	150.991	12.525	0.000	d-	0.000	150.991	12.525	0.000	
2	14	1	6.100	1.000	2	BALL	0.000						a2	0.000	198.141	24.371	0.000	b	0.000	168.731	19.633	0.000	c+	0.000	176.999	14.894	0.000	c-	0.000	176.999	14.894	0.000	d+	0.000	150.991	12.525	0.000	d-	0.000	150.991	12.525	0.000	
2	15	1	6.100	1.000	2	BALL	0.000						a2	0.000	198.141	24.371	0.000	b	0.000	168.731	19.633	0.000	c+	0.000	176.999	14.894	0.000	c-	0.000	176.999	14.894	0.000	d+	0.000	150.991	12.525	0.000	d-	0.000	150.991	12.525	0.000	
2	15	2	5.600	1.000	2	BALL	0.000						a2	0.000	97.580	28.126	0.000	b	0.000	83.096	22.657	0.000	c+	0.000	106.290	17.189	0.000	c-	0.000	106.290	17.189	0.000	d+	0.000	87.745	14.455	0.000	d-	0.000	87.745	14.455	0.000	
2	16	1	5.600	1.000	2	BALL	0.000						a2	0.000	97.580	28.126	0.000	b	0.000	83.096	22.657	0.000	c+	0.000	106.290	17.189	0.000	c-	0.000	106.290	17.189	0.000	d+	0.000	87.745	14.455	0.000	d-	0.000	87.745	14.455	0.000	
2	17	1	5.600	1.000	2	BALL	0.000						a2	0.000	97.580	28.126	0.000	b	0.000	83.096	22.657	0.000	c+	0.000	106.290	17.189	0.000	c-	0.000	106.290	17.189	0.000	d+	0.000	87.745	14.455	0.000	d-	0.000	87.745	14.455	0.000	
2	17	2	5.600	1.000	2	BALL	0.000						a2	0.000	5.262	37.096	0.000	b	0.000	4.481	29.884	0.000	c+	0.000	41.377	22.671	0.000	c-	0.000	41.377	22.671	0.000	d+	0.000	29.684	19.065	0.000	d-	0.000	29.684	19.065	0.000	
2	18	1	5.600	1.000	2	BALL	0.000						a2	0.000	5.262	37.096	0.000	b	0.000	4.481	29.884	0.000	c+	0.000	41.377	22.671	0.000	c-	0.000	41.377	22.671	0.000	d+	0.000	29.684	19.065	0.000	d-	0.000	29.684	19.065	0.000	
2	19	1	5.600	1.000	2	BALL	0.000						a2	0.000	5.262	37.096	0.000	b	0.000	4.481	29.884	0.000	c+	0.000	41.377	22.671	0.000	c-	0.000	41.377	22.671	0.000	d+	0.000	29.684	19.065	0.000	d-	0.000	29.684	19.065	0.000	
2	19	2	6.897	1.000	2	BALL	0.000						a2	0.000	87.057	40.599	0.000	b	0.000	74.135	32.706	0.000	c+	0.000	98.891	24.812	0.000	c-	0.000	98.891	24.812	0.000	d+	0.000	81.127	20.865	0.000	d-	0.000	81.127	20.865	0.000	
2	20	1	6.897	1.000	2	BALL	0.000						a2	0.000	87.057	40.599	0.000	b	0.000	74.135	32.706	0.000	c+	0.000	98.891	24.812	0.000	c-	0.000	98.891	24.812	0.000	d+	0.000	81.127	20.865	0.000	d-	0.000	81.127	20.865	0.000	
2	21	1	6.897	1.000	2	BALL	0.000						a2	0.000	87.057	40.599	0.000	b	0.000	74.135	32.706	0.000	c+	0.000	98.891	24.812	0.000	c-	0.000	98.891	24.812	0.000	d+	0.000	81.127	20.865	0.000	d-	0.000	81.127	20.865	0.000	

