'-----BSD
Date :2018/8/20 	Time :18:01:43 
MARS2000		2.9k
Applied Rules : BV RULES

Label				Value			
Database				D:\Notes\Gitee\Tool\MarsInputFile.ma2			
Section				Midship section			
x(m)				155			

Ship name				FPSO			
Builder				RichTech			
Service notation				FPSO			
Navigation notation				Unrestricted navigation			
Scantling length				310.000			
Breadth moulded				58.000			
Block coefficient				0.850			
Scantling draught				22.00			
Ballast draught				10.00			

'-----FatB-General
Fatigue - General for section : "Midship section" in Database D:\Notes\Gitee\Tool\MarsInputFile.ma2

Full load draught	Ballast draught
 22 	 10 
		Full load				Ballast							Full load				Ballast						Full load				Ballast							
Ipan	Istiff	Da	Db	Dc	Dd	Da	Db	Dc	Dd	Damage_Act	Damage_Rul	Fatigue lifetime	HS stress range_a	HS stress range_b	HS stress range_c	HS stress range_d	HS stress range_a	HS stress range_b	HS stress range_c	HS stress range_d	Kf	Km	Kc_a	Kc_b	Kc_c	Kc_d	Kc_a	Kc_b	Kc_c	Kc_d	Kh	Kl	Ks	WReaNet	StifInertia	
 1 	 1 	 1.448457 	 0 	 1.369368E-07 	 2.484021E-08 	 1.773491 	 .2426786 	 1.519388E-03 	 1.149807E-02 	 .2284931 	 .4901961 	 70.79632 	 244.415 	 0 	 6.370392 	 4.527847 	 233.6426 	 119.7769 	 38.99614 	 59.10851 	 2.633202 	 1 	 .8796795 	 1 	 1 	 1 	 .8925744 	 1 	 1 	 1 	 1.3 	 1.65 	 1.000106 	 4016.991 	 199892.2 	
 1 	 2 	 1.451474 	 0 	 4.429227E-06 	 8.008859E-07 	 1.776627 	 .2461877 	 1.053081E-03 	 1.151314E-02 	 .2291341 	 .4901961 	 70.59825 	 244.6385 	 0 	 12.76814 	 9.069351 	 233.8262 	 120.2215 	 36.22209 	 59.12489 	 2.633202 	 1 	 .879424 	 1 	 1 	 1 	 .8923447 	 1 	 1 	 1 	 1.3 	 1.65 	 1.000106 	 4002.135 	 196982.2 	
 1 	 3 	 1.451475 	 0 	 3.363401E-05 	 6.081728E-06 	 1.776626 	 .2461876 	 6.91949E-04 	 1.131841E-02 	 .2291069 	 .4901961 	 70.60664 	 244.6385 	 0 	 19.15222 	 13.60403 	 233.8262 	 120.2215 	 33.29335 	 58.91191 	 2.633202 	 1 	 .879424 	 1 	 1 	 1 	 .8923448 	 1 	 1 	 1 	 1.3 	 1.65 	 1.000106 	 4002.135 	 196982.2 	
 1 	 4 	 1.451474 	 0 	 1.416901E-04 	 2.562832E-05 	 1.776627 	 .2461876 	 4.370288E-04 	 1.112616E-02 	 .2290963 	 .4901961 	 70.60992 	 244.6385 	 0 	 25.5363 	 18.13872 	 233.8262 	 120.2215 	 30.36456 	 58.69893 	 2.633202 	 1 	 .879424 	 1 	 1 	 1 	 .8923447 	 1 	 1 	 1 	 1.3 	 1.65 	 1.000106 	 4002.135 	 196982.2 	
 1 	 5 	 1.451474 	 0 	 4.315353E-04 	 7.820458E-05 	 1.776627 	 .2461877 	 2.633008E-04 	 1.093635E-02 	 .2291104 	 .4901961 	 70.60558 	 244.6385 	 0 	 31.92035 	 22.6734 	 233.8262 	 120.2215 	 27.43581 	 58.48593 	 2.633202 	 1 	 .879424 	 1 	 1 	 1 	 .8923447 	 1 	 1 	 1 	 1.3 	 1.65 	 1.000106 	 4002.135 	 196982.2 	
 1 	 6 	 1.454697 	 0 	 1.079204E-03 	 1.960682E-04 	 1.779975 	 .2499666 	 1.547177E-04 	 1.100772E-02 	 .2298934 	 .4901961 	 70.3651 	 244.8769 	 0 	 38.39197 	 27.25183 	 234.0219 	 120.6957 	 24.66725 	 58.56635 	 2.633202 	 1 	 .8791519 	 1 	 1 	 1 	 .8921002 	 1 	 1 	 1 	 1.3 	 1.65 	 1.000106 	 3986.41 	 193921.2 	
 1 	 7 	 1.454697 	 0 	 2.302263E-03 	 4.230807E-04 	 1.779975 	 .2499666 	 8.222683E-05 	 1.082801E-02 	 .2300082 	 .4901961 	 70.32998 	 244.8769 	 0 	 44.79062 	 31.79382 	 234.0219 	 120.6957 	 21.73755 	 58.36311 	 2.633202 	 1 	 .8791519 	 1 	 1 	 1 	 .8921002 	 1 	 1 	 1 	 1.3 	 1.65 	 1.000106 	 3986.41 	 193921.2 	
 1 	 8 	 1.454697 	 0 	 4.394966E-03 	 8.217444E-04 	 1.779975 	 .2499666 	 3.98711E-05 	 1.065051E-02 	 .2302123 	 .4901961 	 70.26763 	 244.8769 	 0 	 51.18927 	 36.33578 	 234.0219 	 120.6957 	 18.80782 	 58.1599 	 2.633202 	 1 	 .8791519 	 1 	 1 	 1 	 .8921002 	 1 	 1 	 1 	 1.3 	 1.65 	 1.000106 	 3986.41 	 193921.2 	
 1 	 9 	 1.458156 	 0 	 7.78091E-03 	 1.483188E-03 	 1.783568 	 .2540596 	 1.802578E-05 	 .0107748 	 .2313323 	 .4901961 	 69.92741 	 245.1323 	 0 	 57.72865 	 40.94812 	 234.2317 	 121.204 	 16.04669 	 58.30246 	 2.633202 	 1 	 .878861 	 1 	 1 	 1 	 .8918386 	 1 	 1 	 1 	 1.3 	 1.65 	 1.000106 	 3969.694 	 190694.3 	
 1 	 10 	 1.458156 	 0 	 .0127008 	 2.485078E-03 	 1.783568 	 .2540596 	 6.576053E-06 	 1.060698E-02 	 .2318249 	 .4901961 	 69.77885 	 245.1323 	 0 	 64.14296 	 45.49791 	 234.2317 	 121.204 	 13.11595 	 58.10966 	 2.633202 	 1 	 .878861 	 1 	 1 	 1 	 .8918386 	 1 	 1 	 1 	 1.3 	 1.65 	 1.000106 	 3969.694 	 190694.3 	
 1 	 11 	 1.458157 	 0 	 .0195914 	 3.943467E-03 	 1.783569 	 .2540599 	 1.857022E-06 	 1.044116E-02 	 .2325203 	 .4901961 	 69.57014 	 245.1324 	 0 	 70.55728 	 50.04771 	 234.2317 	 121.204 	 10.18521 	 57.91692 	 2.633202 	 1 	 .878861 	 1 	 1 	 1 	 .8918386 	 1 	 1 	 1 	 1.3 	 1.65 	 1.000106 	 3969.694 	 190694.3 	
 1 	 12 	 1.458156 	 0 	 4.084498E-02 	 8.719139E-03 	 1.783568 	 .2540596 	 2.559978E-08 	 1.011527E-02 	 .2346892 	 .4901961 	 68.92722 	 245.1323 	 0 	 83.38587 	 59.14729 	 234.2317 	 121.204 	 4.323685 	 57.5313 	 2.633202 	 1 	 .878861 	 1 	 1 	 1 	 .8918386 	 1 	 1 	 1 	 1.3 	 1.65 	 1.000106 	 3969.694 	 190694.3 	
 1 	 13 	 1.458156 	 0 	 5.597772E-02 	 1.229956E-02 	 1.783568 	 .2540596 	 8.884113E-11 	 9.95526E-03 	 .2362486 	 .4901961 	 68.47224 	 245.1323 	 0 	 89.80016 	 63.69708 	 234.2317 	 121.204 	 1.392929 	 57.33853 	 2.633202 	 1 	 .878861 	 1 	 1 	 1 	 .8918386 	 1 	 1 	 1 	 1.3 	 1.65 	 1.000106 	 3969.694 	 190694.3 	
 1 	 14 	 1.458156 	 0 	 7.461289E-02 	 1.685778E-02 	 1.783568 	 .2540596 	 1.457313E-10 	 9.79712E-03 	 .2381814 	 .4901961 	 67.91661 	 245.1323 	 0 	 96.21445 	 68.24687 	 234.2317 	 121.204 	 1.537842 	 57.14572 	 2.633202 	 1 	 .878861 	 1 	 1 	 1 	 .8918386 	 1 	 1 	 1 	 1.3 	 1.65 	 1.000106 	 3969.694 	 190694.3 	
 1 	 15 	 1.458156 	 0 	 9.711034E-02 	 .0225332 	 1.783568 	 .2540596 	 3.018781E-08 	 9.640922E-03 	 .2405291 	 .4901961 	 67.25368 	 245.1323 	 0 	 102.6288 	 72.79666 	 234.2317 	 121.204 	 4.468597 	 56.95297 	 2.633202 	 1 	 .878861 	 1 	 1 	 1 	 .8918386 	 1 	 1 	 1 	 1.3 	 1.65 	 1.000106 	 3969.694 	 190694.3 	
 1 	 16 	 1.458156 	 0 	 .1238182 	 2.946532E-02 	 1.783568 	 .2540596 	 3.757806E-07 	 9.486588E-03 	 .2433325 	 .4901961 	 66.47887 	 245.1323 	 0 	 109.043 	 77.34645 	 234.2317 	 121.204 	 7.399353 	 56.76019 	 2.633202 	 1 	 .878861 	 1 	 1 	 1 	 .8918386 	 1 	 1 	 1 	 1.3 	 1.65 	 1.000106 	 3969.694 	 190694.3 	
 1 	 17 	 1.458156 	 0 	 .1550736 	 3.779244E-02 	 1.783568 	 .2540596 	 1.992933E-06 	 9.334104E-03 	 .2466312 	 .4901961 	 65.58972 	 245.1323 	 0 	 115.4573 	 81.89625 	 234.2317 	 121.204 	 10.33011 	 56.5674 	 2.633202 	 1 	 .878861 	 1 	 1 	 1 	 .8918386 	 1 	 1 	 1 	 1.3 	 1.65 	 1.000106 	 3969.694 	 190694.3 	
 1 	 18 	 1.458156 	 0 	 .191203 	 4.765099E-02 	 1.783568 	 .2540596 	 6.947439E-06 	 9.183464E-03 	 .2504639 	 .4901961 	 64.58604 	 245.1323 	 0 	 121.8716 	 86.44604 	 234.2317 	 121.204 	 13.26085 	 56.37459 	 2.633202 	 1 	 .878861 	 1 	 1 	 1 	 .8918386 	 1 	 1 	 1 	 1.3 	 1.65 	 1.000106 	 3969.694 	 190694.3 	
 1 	 19 	 1.458156 	 0 	 .2325231 	 5.917492E-02 	 1.783568 	 .2540596 	 1.885464E-05 	 9.034699E-03 	 .2548686 	 .4901961 	 63.46984 	 245.1323 	 0 	 128.2859 	 90.99583 	 234.2317 	 121.204 	 16.19162 	 56.18182 	 2.633202 	 1 	 .878861 	 1 	 1 	 1 	 .8918386 	 1 	 1 	 1 	 1.3 	 1.65 	 1.000106 	 3969.694 	 190694.3 	
 1 	 20 	 1.458156 	 0 	 .2793427 	 7.249554E-02 	 1.783568 	 .2540596 	 4.331865E-05 	 8.887732E-03 	 .2598823 	 .4901961 	 62.24537 	 245.1323 	 0 	 134.7002 	 95.54564 	 234.2317 	 121.204 	 19.12238 	 55.98903 	 2.633202 	 1 	 .878861 	 1 	 1 	 1 	 .8918386 	 1 	 1 	 1 	 1.3 	 1.65 	 1.000106 	 3969.694 	 190694.3 	
 1 	 21 	 1.458157 	 0 	 .331963 	 8.774111E-02 	 1.783569 	 .2540606 	 8.837031E-05 	 8.742658E-03 	 .2655417 	 .4901961 	 60.91875 	 245.1324 	 0 	 141.1146 	 100.0955 	 234.2317 	 121.2041 	 22.05309 	 55.79634 	 2.633202 	 1 	 .878861 	 1 	 1 	 1 	 .8918386 	 1 	 1 	 1 	 1.3 	 1.65 	 1.000106 	 3969.694 	 190694.3 	
 1 	 22 	 1.458156 	 0 	 .4557751 	 .1245049 	 1.783568 	 .2540596 	 2.870809E-04 	 8.45766E-03 	 .2789394 	 .4901961 	 57.99277 	 245.1323 	 0 	 153.9431 	 109.195 	 234.2317 	 121.204 	 27.91466 	 55.41066 	 2.633202 	 1 	 .878861 	 1 	 1 	 1 	 .8918386 	 1 	 1 	 1 	 1.3 	 1.65 	 1.000106 	 3969.694 	 190694.3 	
 1 	 23 	 1.458156 	 0 	 .5275407 	 .1462653 	 1.783568 	 .2540596 	 4.726946E-04 	 8.317865E-03 	 .2867487 	 .4901961 	 56.4134 	 245.1323 	 0 	 160.3574 	 113.7448 	 234.2317 	 121.204 	 30.84541 	 55.21788 	 2.633202 	 1 	 .878861 	 1 	 1 	 1 	 .8918386 	 1 	 1 	 1 	 1.3 	 1.65 	 1.000106 	 3969.694 	 190694.3 	
 1 	 24 	 1.458156 	 0 	 .6062539 	 .1704348 	 1.783568 	 .2540596 	 7.434455E-04 	 8.179812E-03 	 .2953449 	 .4901961 	 54.77147 	 245.1323 	 0 	 166.7717 	 118.2946 	 234.2317 	 121.204 	 33.77618 	 55.02509 	 2.633202 	 1 	 .878861 	 1 	 1 	 1 	 .8918386 	 1 	 1 	 1 	 1.3 	 1.65 	 1.000106 	 3969.694 	 190694.3 	
 1 	 25 	 1.458156 	 0 	 .6794586 	 .1971277 	 1.783568 	 .2540596 	 1.125076E-03 	 8.043523E-03 	 .3037015 	 .4901961 	 53.26438 	 245.1323 	 0 	 173.186 	 122.8444 	 234.2317 	 121.204 	 36.70691 	 54.83232 	 2.633202 	 1 	 .878861 	 1 	 .9947076 	 1 	 .8918386 	 1 	 1 	 1 	 1.3 	 1.65 	 1.000106 	 3969.694 	 190694.3 	
 1 	 26 	 1.458156 	 0 	 .7339545 	 .2264565 	 1.783568 	 .2540596 	 1.647407E-03 	 7.908923E-03 	 .3107304 	 .4901961 	 52.05951 	 245.1323 	 0 	 179.6003 	 127.3942 	 234.2317 	 121.204 	 39.63768 	 54.63951 	 2.633202 	 1 	 .878861 	 1 	 .9806109 	 1 	 .8918386 	 1 	 1 	 1 	 1.3 	 1.65 	 1.000106 	 3969.694 	 190694.3 	
 1 	 27 	 1.195739 	 0 	 .4092868 	 .1457945 	 1.508363 	 4.630198E-02 	 7.821152E-03 	 1.4411E-06 	 .2262864 	 .4901961 	 71.48672 	 224.519 	 0 	 149.4294 	 113.6514 	 217.3061 	 80.19949 	 54.51244 	 9.681557 	 2.633202 	 1 	 .9044636 	 1 	 1 	 1 	 .9145694 	 1 	 1 	 1 	 1.3 	 1.65 	 1.000106 	 3830.39 	 162809.8 	
 1 	 29 	 1.098541 	 0 	 1.230126 	 .4832969 	 1.541449 	 .2460552 	 5.432659E-02 	 2.791804E-04 	 .3420437 	 .4901961 	 47.29358 	 216.1458 	 0 	 227.376 	 156.4756 	 211.7351 	 117.7642 	 81.72327 	 27.3727 	 2.633202 	 1 	 .9162581 	 1 	 .9006379 	 1 	 .9228461 	 1 	 1 	 1 	 1.3 	 1.65 	 1.000111 	 3266.23 	 154135.2 	
 1 	 30 	 1.144405 	 0 	 1.674122 	 .6776816 	 1.677661 	 .4401196 	 5.827205E-02 	 1.113663E-03 	 .4250048 	 .4901961 	 38.06185 	 220.1537 	 0 	 260.3676 	 172.9714 	 217.5617 	 136.2742 	 82.5851 	 35.95578 	 2.633202 	 1 	 .9105005 	 1 	 .8625436 	 .9951975 	 .9141998 	 1 	 1 	 1 	 1.3 	 1.65 	 1.000111 	 3309.158 	 163096.4 	
 1 	 31 	 1.036262 	 0 	 1.770621 	 .7044805 	 1.59989 	 .4084533 	 6.484524E-02 	 1.320072E-04 	 .4222017 	 .4901961 	 38.31456 	 210.5271 	 0 	 266.7667 	 176.1709 	 210.5808 	 132.6994 	 84.16928 	 23.35728 	 2.633202 	 1 	 .9246986 	 1 	 .8562458 	 .9880201 	 .9246157 	 1 	 1 	 1 	 1.3 	 1.65 	 1.000111 	 3309.158 	 163096.5 	
 1 	 32 	 .9349294 	 0 	 1.870626 	 .7319539 	 1.360879 	 .3776585 	 7.201366E-02 	 5.897025E-05 	 .4067163 	 .4901961 	 39.77335 	 200.9004 	 0 	 273.1656 	 179.3704 	 193.338 	 129.1244 	 85.75346 	 19.79356 	 2.633202 	 1 	 .9402575 	 1 	 .8502432 	 .9810989 	 .9535666 	 1 	 1 	 1 	 1.3 	 1.65 	 1.000111 	 3309.158 	 163096.5 	
 1 	 33 	 .6863684 	 0 	 1.468699 	 .5931361 	 .8517535 	 .1640845 	 7.862367E-02 	 1.179154E-11 	 .2916234 	 .4901961 	 55.47042 	 174.0173 	 0 	 245.9086 	 165.7419 	 160.0917 	 103.7673 	 87.03184 	 .901001 	 2.633202 	 1 	 .9928222 	 1 	 .8779808 	 1 	 1 	 1 	 1 	 1 	 1.3 	 1.65 	 1.000087 	 4003.698 	 206989.7 	
 1 	 34 	 .4898147 	 0 	 1.363733 	 .5445586 	 .4977324 	 .1057858 	 8.494674E-02 	 2.436429E-07 	 .2368053 	 .4901961 	 68.31126 	 157.0615 	 0 	 238.0133 	 161.7942 	 137.1803 	 92.78764 	 88.12099 	 6.545731 	 2.633202 	 1 	 1 	 1 	 .8872018 	 1 	 1 	 1 	 1 	 1 	 1.3 	 1.65 	 1.000087 	 3976.008 	 201132.1 	
 1 	 35 	 .6007883 	 0 	 2.34603 	 .8590197 	 .3435959 	 .288527 	 .1057091 	 4.843111E-05 	 .3536064 	 .4901961 	 45.74711 	 166.3444 	 0 	 300.9024 	 193.2388 	 122.9735 	 117.5559 	 91.84347 	 18.7189 	 2.633202 	 1 	 1 	 1 	 .8271762 	 .9537481 	 1 	 1 	 1 	 1 	 1.3 	 1.65 	 1.000127 	 3161.964 	 159983.8 	
 1 	 36 	 .4899653 	 0 	 2.463835 	 .8897327 	 .170418 	 .2573694 	 .1005415 	 6.157551E-05 	 .3439066 	 .4901961 	 47.03739 	 157.075 	 0 	 307.2033 	 196.3892 	 102.9 	 114.0357 	 90.6581 	 19.62196 	 2.633202 	 1 	 1 	 1 	 .8225167 	 .9480734 	 1 	 1 	 1 	 1 	 1.3 	 1.65 	 1.000127 	 3161.964 	 159983.8 	
 1 	 37 	 .3933523 	 0 	 2.3745 	 .9211447 	 5.791641E-02 	 .2220539 	 7.527686E-02 	 1.352719E-04 	 .3206307 	 .4901961 	 50.45203 	 147.8056 	 0 	 302.4435 	 199.5397 	 80.24405 	 110.5156 	 85.20229 	 23.06343 	 2.633202 	 1 	 1 	 1 	 .8260186 	 .9425778 	 1 	 1 	 1 	 1 	 1.3 	 1.65 	 1.000127 	 3161.964 	 159983.8 	
 1 	 38 	 .4383435 	 0 	 2.733797 	 1.098023 	 1.752996E-02 	 .2925789 	 5.306408E-02 	 1.904421E-03 	 .367847 	 .4901961 	 43.97609 	 152.2874 	 0 	 320.9439 	 216.0999 	 62.07051 	 119.2465 	 79.07909 	 39.33817 	 2.633202 	 1 	 1 	 1 	 .81299 	 .9163252 	 1 	 1 	 1 	 1 	 1.3 	 1.65 	 1.000134 	 2837.132 	 133556 	
 1 	 39 	 .354916 	 0 	 2.628114 	 1.147345 	 1.622088E-03 	 .2507461 	 3.624974E-02 	 2.956134E-03 	 .3534612 	 .4901961 	 45.7659 	 143.3879 	 0 	 314.6126 	 219.6111 	 38.25168 	 115.3233 	 72.99857 	 43.17371 	 2.633202 	 1 	 1 	 1 	 .8172762 	 .9112677 	 1 	 1 	 1 	 1 	 1.3 	 1.65 	 1.000134 	 2837.132 	 133556 	
 1 	 40 	 .2976814 	 0 	 2.661505 	 1.26388 	 1.21866E-05 	 .2135885 	 2.380419E-02 	 4.39938E-03 	 .3593025 	 .4901961 	 45.02187 	 134.4892 	 0 	 308.2825 	 223.123 	 14.43292 	 111.4006 	 66.91798 	 47.0099 	 2.633202 	 1 	 1 	 1 	 .8217377 	 .9063684 	 1 	 1 	 1 	 1 	 1.3 	 1.65 	 1.000134 	 2837.133 	 133556.3 	
 1 	 41 	 .3435479 	 0 	 3.696172 	 1.846124 	 5.834422E-04 	 .3073735 	 5.023624E-03 	 4.558802E-02 	 .5022542 	 .4901961 	 32.20773 	 135.3204 	 0 	 336.6671 	 250.2558 	 31.55956 	 123.7908 	 48.73422 	 78.02542 	 2.633202 	 1 	 1 	 1 	 .8030428 	 .8731519 	 1 	 1 	 1 	 1 	 1.3 	 1.65 	 1.000155 	 2373.369 	 102266 	
 1 	 42 	 .1837597 	 0 	 3.708929 	 1.789452 	 2.997261E-03 	 .2584623 	 2.221257E-03 	 2.572825E-02 	 .4878284 	 .4901961 	 33.16016 	 113.2065 	 0 	 329.0985 	 240.5885 	 44.05957 	 119.1008 	 41.46542 	 69.07964 	 2.633202 	 1 	 1 	 1 	 .8077124 	 .8841276 	 1 	 1 	 1 	 1 	 1.3 	 1.65 	 1.000155 	 2373.369 	 102266 	
 1 	 43 	 8.015174E-02 	 0 	 3.714572 	 1.72802 	 9.865334E-03 	 .2155968 	 8.341987E-04 	 1.319485E-02 	 .475747 	 .4901961 	 34.00225 	 91.09262 	 0 	 321.53 	 230.9213 	 56.55957 	 114.4109 	 34.19659 	 60.13387 	 2.633202 	 1 	 1 	 1 	 .8126018 	 .8960223 	 1 	 1 	 1 	 1 	 1.3 	 1.65 	 1.000155 	 2373.369 	 102266 	
 1 	 44 	 .024898 	 0 	 3.712996 	 1.662151 	 2.453177E-02 	 .1782684 	 2.475777E-04 	 5.970083E-03 	 .465887 	 .4901961 	 34.72188 	 68.97874 	 0 	 313.9614 	 221.254 	 69.05959 	 109.7209 	 26.92778 	 51.18808 	 2.633202 	 1 	 1 	 1 	 .817727 	 .9089565 	 1 	 1 	 1 	 1 	 1.3 	 1.65 	 1.000155 	 2373.369 	 102266 	
 1 	 45 	 4.167264E-03 	 0 	 3.704117 	 1.5922 	 5.041156E-02 	 .1459896 	 5.026265E-05 	 2.280652E-03 	 .4579043 	 .4901961 	 35.32718 	 46.86487 	 0 	 306.3928 	 211.5867 	 81.5596 	 105.031 	 19.65897 	 42.24229 	 2.633202 	 1 	 1 	 1 	 .8231053 	 .9230725 	 1 	 1 	 1 	 1 	 1.3 	 1.65 	 1.000155 	 2373.369 	 102266 	
 1 	 46 	 6.721709E-03 	 0 	 5.279987 	 1.980986 	 9.052104E-02 	 .2624334 	 1.458172E-08 	 1.191819E-02 	 .634774 	 .4901961 	 25.48383 	 51.15149 	 0 	 346.2095 	 227.7719 	 94.0596 	 122.6375 	 3.872025 	 59.71059 	 2.633202 	 1 	 1 	 1 	 .8 	 .9001154 	 1 	 1 	 1 	 1 	 1.3 	 1.65 	 1.000174 	 1941.909 	 82581.72 	
 1 	 47 	 2.912795E-04 	 0 	 5.166705 	 1.857893 	 .1473128 	 .2126526 	 1.135764E-06 	 4.417816E-03 	 .6153925 	 .4901961 	 26.28643 	 26.90225 	 0 	 336.9608 	 215.9574 	 106.5596 	 116.9062 	 9.29216 	 48.77791 	 2.633202 	 1 	 1 	 1 	 .8028659 	 .916534 	 1 	 1 	 1 	 1 	 1.3 	 1.65 	 1.000174 	 1941.91 	 82581.89 	
 1 	 48 	 4.613473E-04 	 0 	 3.935715 	 1.268937 	 .3180756 	 .1259163 	 3.211279E-07 	 1.570417E-04 	 .4707396 	 .4901961 	 34.36395 	 29.69754 	 0 	 305.09 	 184.3649 	 131.5598 	 103.7648 	 7.280533 	 25.12128 	 2.633202 	 1 	 1 	 1 	 .8240579 	 .9707748 	 1 	 1 	 1 	 1 	 1.3 	 1.65 	 1.000193 	 1973.32 	 80420.54 	
 1 	 49 	 1.233802E-02 	 0 	 3.279565 	 .9650882 	 .4345159 	 9.774745E-02 	 1.09531E-05 	 9.384523E-06 	 .3985913 	 .4901961 	 40.5841 	 58.47213 	 0 	 288.8155 	 168.0903 	 144.0598 	 98.1238 	 14.81238 	 14.3615 	 2.633202 	 1 	 1 	 1 	 .8366835 	 1 	 1 	 1 	 1 	 1 	 1.3 	 1.65 	 1.000193 	 1973.32 	 80420.54 	
 1 	 50 	 7.176518E-02 	 0 	 2.712865 	 .6348597 	 .5727424 	 7.454962E-02 	 8.370597E-05 	 9.110665E-09 	 .3359153 	 .4901961 	 48.1564 	 87.2467 	 0 	 272.5409 	 151.8158 	 156.5598 	 92.48285 	 22.34419 	 3.601761 	 2.633202 	 1 	 1 	 1 	 .8508169 	 1 	 1 	 1 	 1 	 1 	 1.3 	 1.65 	 1.000193 	 1973.32 	 80420.54 	
 1 	 51 	 .2182086 	 0 	 2.226239 	 .3954271 	 .733236 	 5.572397E-02 	 3.496922E-04 	 2.763404E-07 	 .29334 	 .4901961 	 55.14581 	 116.0213 	 0 	 256.2663 	 135.5412 	 169.0598 	 86.8419 	 29.87602 	 7.158012 	 2.633202 	 1 	 1 	 1 	 .8667454 	 1 	 1 	 1 	 1 	 1 	 1.3 	 1.65 	 1.000193 	 1973.32 	 80420.54 	
 1 	 52 	 .4764274 	 0 	 1.811002 	 .2293624 	 .8437899 	 4.070272E-02 	 1.047685E-03 	 2.656991E-05 	 .2636765 	 .4901961 	 61.34968 	 144.7959 	 0 	 239.9917 	 119.2666 	 181.5599 	 81.20094 	 37.40787 	 17.91777 	 2.633202 	 1 	 1 	 1 	 .8848342 	 1 	 .9765031 	 1 	 1 	 1 	 1.3 	 1.65 	 1.000193 	 1973.32 	 80420.54 	
 1 	 53 	 .5823353 	 0 	 4.031306 	 .2097704 	 .9488887 	 .3725394 	 9.119706E-07 	 6.330344E-05 	 .487806 	 .4901961 	 33.16169 	 155.5338 	 0 	 345.3226 	 118.324 	 194.0599 	 142.075 	 9.168625 	 21.40901 	 2.633202 	 1 	 1 	 1 	 .8 	 1 	 .9522513 	 1 	 1 	 1 	 1.3 	 1.65 	 1.306554 	 1370.93 	 49581.68 	
 1 	 54 	 1.057779 	 0 	 3.021551 	 5.853114E-02 	 1.059539 	 .2719266 	 9.517555E-05 	 3.118744E-11 	 .411711 	 .4901961 	 39.29084 	 198.6348 	 0 	 314.7216 	 87.72302 	 206.5599 	 131.4683 	 23.33066 	 1.177536 	 2.633202 	 1 	 .9441384 	 1 	 .817201 	 1 	 .9309348 	 1 	 1 	 1 	 1.3 	 1.65 	 1.306554 	 1370.93 	 49581.68 	
 1 	 55 	 1.235732 	 0 	 2.237347 	 4.967264E-02 	 1.175487 	 .1922974 	 9.910853E-04 	 3.383107E-05 	 .3561384 	 .4901961 	 45.42186 	 219.0599 	 0 	 284.1206 	 85.57511 	 219.0599 	 120.8617 	 37.4927 	 19.05397 	 2.633202 	 1 	 .912051 	 1 	 .8405945 	 1 	 .912051 	 1 	 1 	 1 	 1.3 	 1.65 	 1.306554 	 1370.93 	 49581.68 	
 1 	 56 	 1.316448 	 0 	 1.236973 	 4.683204E-02 	 1.296461 	 6.175377E-02 	 7.633754E-03 	 2.964881E-03 	 .2756565 	 .4901961 	 58.68343 	 231.5599 	 0 	 225.2295 	 85.57511 	 231.5599 	 91.68263 	 57.3686 	 47.08293 	 2.633202 	 1 	 .8952059 	 1 	 .9035031 	 1 	 .8952059 	 1 	 1 	 1 	 1.3 	 1.65 	 1.310657 	 1302.539 	 45380.27 	
 1 	 57 	 1.359189 	 0 	 1.289505 	 4.530453E-02 	 1.359189 	 1.133924 	 .327044 	 .5192014 	 .3662547 	 .4901961 	 44.16727 	 237.6629 	 0 	 232.1909 	 85.42772 	 237.6628 	 219.2471 	 140.5445 	 159.6424 	 2.633202 	 1 	 .8876253 	 1 	 .8944037 	 1 	 .8876253 	 .9117845 	 1 	 1 	 1.3 	 1.65 	 1 	 372.6577 	 8312.877 	
 1 	 58 	 1.365503 	 0 	 2.378115 	 3.999833E-02 	 1.365503 	 .6032375 	 7.592211E-03 	 3.897708E-03 	 .4230998 	 .4901961 	 38.23323 	 238.1497 	 0 	 302.6383 	 82.98077 	 238.1497 	 166.5362 	 57.42808 	 49.92655 	 2.633202 	 1 	 .8870374 	 1 	 .8258731 	 1 	 .8870374 	 1 	 1 	 1 	 1.3 	 1.65 	 1 	 617.1239 	 18007.9 	
 1 	 59 	 1.372218 	 0 	 1.996024 	 3.486604E-02 	 1.372218 	 .6467848 	 2.159753E-02 	 2.157841E-02 	 .3964666 	 .4901961 	 40.8016 	 238.6658 	 0 	 280.8856 	 80.38644 	 238.6658 	 169.8655 	 72.10848 	 72.09419 	 2.633202 	 1 	 .8864167 	 1 	 .8433655 	 1 	 .8864167 	 1 	 1 	 1 	 1.3 	 1.65 	 1 	 618.4615 	 18107.62 	
 1 	 60 	 1.378955 	 0 	 1.582564 	 3.021708E-02 	 1.378955 	 .6407629 	 4.998334E-02 	 7.108013E-02 	 .36433 	 .4901961 	 44.4006 	 239.1819 	 0 	 254.073 	 77.79208 	 239.1819 	 169.4139 	 87.42415 	 95.09104 	 2.633202 	 1 	 .8857986 	 1 	 .8690481 	 1 	 .8857986 	 1 	 1 	 1 	 1.3 	 1.65 	 1 	 618.5471 	 18114.02 	
 1 	 61 	 1.392747 	 1.342494E-02 	 3.672173E-02 	 2.329572E-06 	 1.392747 	 0 	 2.213356E-02 	 2.213356E-02 	 .2448513 	 .4901961 	 66.06651 	 240.2337 	 64.92218 	 81.35373 	 11.22839 	 240.2337 	 0 	 72.50528 	 72.50528 	 2.633202 	 1 	 .8845473 	 1 	 1 	 1 	 .8845474 	 1 	 1 	 1 	 1.3 	 1.65 	 1.000201 	 1443.236 	 50100.12 	
 1 	 62 	 1.39978 	 1.311641E-02 	 2.182791E-02 	 1.144373E-05 	 1.39978 	 0 	 1.868965E-02 	 1.868965E-02 	 .2439497 	 .4901961 	 66.31069 	 240.7674 	 64.59404 	 72.27988 	 15.43745 	 240.7674 	 0 	 69.82249 	 69.82249 	 2.633202 	 1 	 .8839166 	 1 	 1 	 1 	 .8839166 	 1 	 1 	 1 	 1.3 	 1.65 	 1.000202 	 1444.173 	 50245.13 	
 1 	 63 	 1.406836 	 1.285163E-02 	 .0118735 	 3.781999E-05 	 1.406836 	 0 	 1.565102E-02 	 1.565102E-02 	 .2436638 	 .4901961 	 66.38847 	 241.3011 	 64.30789 	 63.21177 	 19.60686 	 241.3011 	 0 	 67.13969 	 67.13969 	 2.633202 	 1 	 .8832886 	 1 	 1 	 1 	 .8832886 	 1 	 1 	 1 	 1.3 	 1.65 	 1.000202 	 1444.173 	 50245.13 	
 1 	 64 	 1.413914 	 1.259079E-02 	 5.746081E-03 	 9.916103E-05 	 1.413914 	 0 	 1.298901E-02 	 1.298901E-02 	 .2438638 	 .4901961 	 66.33405 	 241.8349 	 64.02175 	 54.14365 	 23.77628 	 241.8349 	 0 	 64.4569 	 64.4569 	 2.633202 	 1 	 .8826634 	 1 	 1 	 1 	 .8826634 	 1 	 1 	 1 	 1.3 	 1.65 	 1.000202 	 1444.173 	 50245.13 	
 1 	 65 	 1.421016 	 1.233385E-02 	 2.374597E-03 	 2.22298E-04 	 1.421016 	 0 	 1.067502E-02 	 1.067502E-02 	 .2444275 	 .4901961 	 66.18106 	 242.3686 	 63.7356 	 45.07549 	 27.94569 	 242.3686 	 0 	 61.7741 	 61.7741 	 2.633202 	 1 	 .8820409 	 1 	 1 	 1 	 .8820409 	 1 	 1 	 1 	 1.3 	 1.65 	 1.000202 	 1444.173 	 50245.13 	
 1 	 66 	 1.42814 	 1.208081E-02 	 8.11244E-04 	 4.448082E-04 	 1.42814 	 0 	 8.680589E-03 	 8.680589E-03 	 .2452485 	 .4901961 	 65.95952 	 242.9023 	 63.44948 	 36.24167 	 32.11507 	 242.9023 	 0 	 59.09131 	 59.09131 	 2.633202 	 1 	 .8814212 	 1 	 1 	 1 	 .8814212 	 1 	 1 	 1 	 1.3 	 1.65 	 1.000202 	 1444.173 	 50245.13 	
 1 	 67 	 1.435287 	 1.183159E-02 	 1.074136E-03 	 8.16008E-04 	 1.435287 	 0 	 6.977526E-03 	 6.977526E-03 	 .2463311 	 .4901961 	 65.66962 	 243.436 	 63.16335 	 38.35543 	 36.28448 	 243.436 	 0 	 56.40851 	 56.40851 	 2.633202 	 1 	 .8808042 	 1 	 1 	 1 	 .8808042 	 1 	 1 	 1 	 1.3 	 1.65 	 1.000202 	 1444.173 	 50245.13 	
 1 	 68 	 1.442457 	 1.158618E-02 	 1.39971E-03 	 1.397107E-03 	 1.442457 	 0 	 5.538058E-03 	 5.538058E-03 	 .2474789 	 .4901961 	 65.36506 	 243.9697 	 62.8772 	 40.46918 	 40.45389 	 243.9697 	 0 	 53.72571 	 53.72571 	 2.633202 	 1 	 .8801899 	 1 	 1 	 1 	 .8801899 	 1 	 1 	 1 	 1.3 	 1.65 	 1.000202 	 1444.173 	 50245.13 	
 1 	 69 	 1.44965 	 1.134452E-02 	 1.797771E-03 	 2.260583E-03 	 1.44965 	 0 	 4.334985E-03 	 4.334985E-03 	 .2486978 	 .4901961 	 65.04469 	 244.5034 	 62.59106 	 42.58293 	 44.62331 	 244.5034 	 0 	 51.04292 	 51.04292 	 2.633202 	 1 	 .8795783 	 1 	 1 	 1 	 .8795783 	 1 	 1 	 1 	 1.3 	 1.65 	 1.000202 	 1444.173 	 50245.13 	
 1 	 70 	 1.456867 	 1.110661E-02 	 2.278789E-03 	 3.488873E-03 	 1.456867 	 0 	 3.341864E-03 	 3.341864E-03 	 .2499958 	 .4901961 	 64.70698 	 245.0371 	 62.30492 	 44.69668 	 48.79272 	 245.0371 	 0 	 48.36012 	 48.36012 	 2.633202 	 1 	 .8789694 	 1 	 1 	 1 	 .8789694 	 1 	 1 	 1 	 1.3 	 1.65 	 1.000202 	 1444.173 	 50245.13 	
 1 	 71 	 1.464106 	 1.087239E-02 	 2.85383E-03 	 5.172743E-03 	 1.464106 	 0 	 2.533186E-03 	 2.533186E-03 	 .2513812 	 .4901961 	 64.35035 	 245.5709 	 62.01878 	 46.81043 	 52.96214 	 245.5709 	 0 	 45.67733 	 45.67733 	 2.633202 	 1 	 .8783631 	 1 	 1 	 1 	 .878363 	 1 	 1 	 1 	 1.3 	 1.65 	 1.000202 	 1444.173 	 50245.13 	
 1 	 72 	 1.471368 	 1.064184E-02 	 3.534518E-03 	 7.409418E-03 	 1.471368 	 0 	 1.884597E-03 	 1.884597E-03 	 .2528638 	 .4901961 	 63.97305 	 246.1046 	 61.73264 	 48.92419 	 57.13154 	 246.1046 	 0 	 42.99453 	 42.99453 	 2.633202 	 1 	 .8777594 	 1 	 1 	 1 	 .8777594 	 1 	 1 	 1 	 1.3 	 1.65 	 1.000202 	 1444.173 	 50245.13 	
 1 	 73 	 1.478654 	 1.041492E-02 	 4.332954E-03 	 1.030088E-02 	 1.478654 	 0 	 1.373086E-03 	 1.373086E-03 	 .254454 	 .4901961 	 63.57326 	 246.6383 	 61.4465 	 51.03793 	 61.30096 	 246.6383 	 0 	 40.31173 	 40.31173 	 2.633202 	 1 	 .8771583 	 1 	 1 	 1 	 .8771583 	 1 	 1 	 1 	 1.3 	 1.65 	 1.000202 	 1444.173 	 50245.13 	
 1 	 74 	 1.485963 	 1.019159E-02 	 5.26168E-03 	 .0139522 	 1.485963 	 0 	 9.771866E-04 	 9.771866E-04 	 .2561626 	 .4901961 	 63.14923 	 247.172 	 61.16036 	 53.15169 	 65.47038 	 247.172 	 0 	 37.62894 	 37.62894 	 2.633202 	 1 	 .8765598 	 1 	 1 	 1 	 .8765598 	 1 	 1 	 1 	 1.3 	 1.65 	 1.000202 	 1444.173 	 50245.13 	
 1 	 75 	 1.493295 	 1.027013E-02 	 6.404064E-03 	 1.873558E-02 	 1.493295 	 0 	 6.771554E-04 	 6.771554E-04 	 .2580561 	 .4901961 	 62.68587 	 247.7057 	 61.26152 	 55.39471 	 69.86052 	 247.7057 	 0 	 34.94614 	 34.94614 	 2.633202 	 1 	 .8759639 	 1 	 1 	 1 	 .8759639 	 1 	 1 	 1 	 1.3 	 1.65 	 1.000202 	 1444.661 	 50323.32 	
 1 	 76 	 1.508138 	 1.222006E-02 	 1.694221E-05 	 8.419385E-04 	 1.508138 	 0 	 2.932624E-04 	 2.932624E-04 	 .2578943 	 .4901961 	 62.7252 	 248.7811 	 63.60748 	 16.6977 	 36.51414 	 248.7811 	 0 	 29.54067 	 29.54067 	 2.633202 	 1 	 .8747711 	 1 	 1 	 1 	 .8747711 	 1 	 1 	 1 	 1.3 	 1.65 	 1.000202 	 1444.173 	 50245.13 	
 1 	 77 	 1.51554 	 1.196872E-02 	 1.052517E-05 	 5.246653E-04 	 1.51554 	 0 	 1.823141E-04 	 1.823141E-04 	 .2590923 	 .4901961 	 62.43517 	 249.3148 	 63.32132 	 15.18126 	 33.19804 	 249.3148 	 0 	 26.85787 	 26.85787 	 2.633202 	 1 	 .8741828 	 1 	 1 	 1 	 .8741828 	 1 	 1 	 1 	 1.3 	 1.65 	 1.000202 	 1444.173 	 50245.13 	
 1 	 78 	 1.522966 	 1.172121E-02 	 6.218812E-06 	 3.105578E-04 	 1.522966 	 0 	 1.077579E-04 	 1.077579E-04 	 .2603106 	 .4901961 	 62.14295 	 249.8486 	 63.03519 	 13.66482 	 29.88193 	 249.8486 	 0 	 24.17508 	 24.17508 	 2.633202 	 1 	 .8735971 	 1 	 1 	 1 	 .8735971 	 1 	 1 	 1 	 1.3 	 1.65 	 1.000202 	 1444.173 	 50245.13 	
 1 	 79 	 1.530414 	 1.147748E-02 	 3.453667E-06 	 1.72624E-04 	 1.530414 	 0 	 5.985215E-05 	 5.985215E-05 	 .261545 	 .4901961 	 61.84966 	 250.3823 	 62.74904 	 12.14839 	 26.56583 	 250.3823 	 0 	 21.49228 	 21.49228 	 2.633202 	 1 	 .8730139 	 1 	 1 	 1 	 .8730139 	 1 	 1 	 1 	 1.3 	 1.65 	 1.000202 	 1444.173 	 50245.13 	
 1 	 80 	 1.537887 	 1.123751E-02 	 1.773182E-06 	 8.865937E-05 	 1.537887 	 0 	 3.073044E-05 	 3.073044E-05 	 .2627921 	 .4901961 	 61.55616 	 250.916 	 62.46291 	 10.63195 	 23.24972 	 250.916 	 0 	 18.80949 	 18.80949 	 2.633202 	 1 	 .8724332 	 1 	 1 	 1 	 .8724332 	 1 	 1 	 1 	 1.3 	 1.65 	 1.000202 	 1444.173 	 50245.13 	
 1 	 81 	 1.545382 	 1.100126E-02 	 8.214783E-07 	 4.107799E-05 	 1.545382 	 0 	 1.423687E-05 	 1.423687E-05 	 .2640488 	 .4901961 	 61.26318 	 251.4497 	 62.17677 	 9.115517 	 19.93361 	 251.4497 	 0 	 16.12669 	 16.12669 	 2.633202 	 1 	 .871855 	 1 	 1 	 1 	 .871855 	 1 	 1 	 1 	 1.3 	 1.65 	 1.000202 	 1444.173 	 50245.13 	
 1 	 82 	 1.552902 	 1.076868E-02 	 3.30747E-07 	 1.65393E-05 	 1.552902 	 0 	 5.732078E-06 	 5.732078E-06 	 .2653136 	 .4901961 	 60.97113 	 251.9835 	 61.89063 	 7.599091 	 16.61751 	 251.9835 	 0 	 13.44389 	 13.44389 	 2.633202 	 1 	 .8712791 	 1 	 1 	 1 	 .8712791 	 1 	 1 	 1 	 1.3 	 1.65 	 1.000202 	 1444.173 	 50245.13 	
 1 	 83 	 1.560443 	 1.053977E-02 	 1.086791E-07 	 5.434676E-06 	 1.560444 	 0 	 1.883519E-06 	 1.883519E-06 	 .2665844 	 .4901961 	 60.68048 	 252.5172 	 61.60449 	 6.082649 	 13.3014 	 252.5172 	 0 	 10.7611 	 10.7611 	 2.633202 	 1 	 .8707058 	 1 	 1 	 1 	 .8707057 	 1 	 1 	 1 	 1.3 	 1.65 	 1.000202 	 1444.173 	 50245.13 	
 1 	 84 	 1.568009 	 1.031445E-02 	 2.590989E-08 	 1.295658E-06 	 1.568009 	 0 	 4.490415E-07 	 4.490415E-07 	 .2678606 	 .4901961 	 60.39138 	 253.0509 	 61.31834 	 4.566216 	 9.985291 	 253.0509 	 0 	 8.078302 	 8.078302 	 2.633202 	 1 	 .8701348 	 1 	 1 	 1 	 .8701348 	 1 	 1 	 1 	 1.3 	 1.65 	 1.000202 	 1444.173 	 50245.13 	
 1 	 85 	 1.5756 	 1.009273E-02 	 3.443643E-09 	 1.722085E-07 	 1.5756 	 0 	 5.968399E-08 	 5.968399E-08 	 .2691416 	 .4901961 	 60.10394 	 253.5846 	 61.03222 	 3.049782 	 6.669189 	 253.5846 	 0 	 5.395506 	 5.395506 	 2.633202 	 1 	 .8695663 	 1 	 1 	 1 	 .8695663 	 1 	 1 	 1 	 1.3 	 1.65 	 1.000202 	 1444.173 	 50245.13 	
 1 	 86 	 1.583213 	 1.009568E-02 	 1.181599E-10 	 5.775637E-09 	 1.583213 	 0 	 1.917366E-09 	 1.917366E-09 	 .2704395 	 .4901961 	 59.81548 	 254.1184 	 61.03606 	 1.553612 	 3.382034 	 254.1184 	 0 	 2.712711 	 2.712711 	 2.633202 	 1 	 .8690001 	 1 	 1 	 1 	 .8690001 	 1 	 1 	 1 	 1.3 	 1.65 	 1.000202 	 1444.539 	 50303.86 	
'-----FatB-Full load
Fatigue - Full load for section: "Midship section"in Database D:\Notes\Gitee\Tool\MarsInputFile.ma2
		a		b		c		d		a		b		c		d		
Ipan	Istiff	SigH max	SigL max	SigH max	SigL max	SigH max	SigL max	SigH max	SigL max	SigH min	SigL min	SigH min	SigL min	SigH min	SigL min	SigH min	SigL min	
 1            	 1 	-68.92633 	-117.9907 	 0 	-99.74621 	-1.032803 	-100.8628 	-1.032803 	-100.3045 	 72.76742 	-81.50175 	 0 	-99.74621 	 1.032803 	-98.62963 	 1.032803 	-99.18792 	
 1            	 2 	-68.92633 	-118.4287 	 0 	-100.1165 	-2.065606 	-102.3579 	-2.065606 	-101.2372 	 72.76742 	-81.80429 	 0 	-100.1165 	 2.065606 	-97.87502 	 2.065606 	-98.99575 	
 1            	 3 	-68.92633 	-118.4287 	 0 	-100.1165 	-3.09841 	-103.4787 	-3.09841 	-101.7976 	 72.76742 	-81.80429 	 0 	-100.1165 	 3.09841 	-96.7543 	 3.09841 	-98.43539 	
 1            	 4 	-68.92633 	-118.4287 	 0 	-100.1165 	-4.131213 	-104.5994 	-4.131213 	-102.3579 	 72.76742 	-81.80431 	 0 	-100.1165 	 4.131213 	-95.63359 	 4.131213 	-97.87505 	
 1            	 5 	-68.92633 	-118.4287 	 0 	-100.1165 	-5.164016 	-105.7201 	-5.164016 	-102.9183 	 72.76742 	-81.80429 	 0 	-100.1165 	 5.164016 	-94.51285 	 5.164016 	-97.31466 	
 1            	 6 	-68.92633 	-118.8958 	 0 	-100.5114 	-6.196819 	-107.2623 	-6.196819 	-103.8868 	 72.76742 	-82.12697 	 0 	-100.5114 	 6.196819 	-93.76052 	 6.196819 	-97.13596 	
 1            	 7 	-68.92633 	-118.8958 	 0 	-100.5114 	-7.229622 	-108.3874 	-7.229622 	-104.4494 	 72.76742 	-82.12697 	 0 	-100.5114 	 7.229622 	-92.63538 	 7.229622 	-96.57338 	
 1            	 8 	-68.92633 	-118.8958 	 0 	-100.5114 	-8.262424 	-109.5126 	-8.262424 	-105.012 	 72.76742 	-82.12697 	 0 	-100.5114 	 8.262424 	-91.51023 	 8.262424 	-96.01081 	
 1            	 9 	-68.92633 	-119.3965 	 0 	-100.9346 	-9.295228 	-111.1036 	-9.295228 	-106.0191 	 72.76742 	-82.4728 	 0 	-100.9346 	 9.295228 	-90.76569 	 9.295228 	-95.85016 	
 1            	 10 	-68.92633 	-119.3965 	 0 	-100.9346 	-10.32803 	-112.2335 	-10.32803 	-106.584 	 72.76742 	-82.4728 	 0 	-100.9346 	 10.32803 	-89.6358 	 10.32803 	-95.28522 	
 1            	 11 	-68.92633 	-119.3965 	 0 	-100.9347 	-11.36083 	-113.3634 	-11.36083 	-107.149 	 72.76742 	-82.47283 	 0 	-100.9347 	 11.36083 	-88.50595 	 11.36083 	-94.72031 	
 1            	 12 	-68.92633 	-119.3965 	 0 	-100.9346 	-13.42644 	-115.6231 	-13.42644 	-108.2789 	 72.76742 	-82.4728 	 0 	-100.9346 	 13.42644 	-86.24615 	 13.42644 	-93.59039 	
 1            	 13 	-68.92633 	-119.3965 	 0 	-100.9346 	-14.45924 	-116.753 	-14.45924 	-108.8438 	 72.76742 	-82.4728 	 0 	-100.9346 	 14.45924 	-85.11626 	 14.45924 	-93.02545 	
 1            	 14 	-68.92633 	-119.3965 	 0 	-100.9346 	-15.49205 	-117.8829 	-15.49205 	-109.4088 	 72.76742 	-82.4728 	 0 	-100.9346 	 15.49205 	-83.98638 	 15.49205 	-92.46051 	
 1            	 15 	-68.92633 	-119.3965 	 0 	-100.9346 	-16.52485 	-119.0128 	-16.52485 	-109.9737 	 72.76742 	-82.4728 	 0 	-100.9346 	 16.52485 	-82.8565 	 16.52485 	-91.89557 	
 1            	 16 	-68.92633 	-119.3965 	 0 	-100.9346 	-17.55765 	-120.1426 	-17.55765 	-110.5386 	 72.76742 	-82.4728 	 0 	-100.9346 	 17.55765 	-81.72662 	 17.55765 	-91.33063 	
 1            	 17 	-68.92633 	-119.3965 	 0 	-100.9346 	-18.59046 	-121.2725 	-18.59046 	-111.1036 	 72.76742 	-82.4728 	 0 	-100.9346 	 18.59046 	-80.59673 	 18.59046 	-90.76569 	
 1            	 18 	-68.92633 	-119.3965 	 0 	-100.9346 	-19.62326 	-122.4024 	-19.62326 	-111.6685 	 72.76742 	-82.4728 	 0 	-100.9346 	 19.62326 	-79.46685 	 19.62326 	-90.20074 	
 1            	 19 	-68.92633 	-119.3965 	 0 	-100.9346 	-20.65606 	-123.5323 	-20.65606 	-112.2335 	 72.76742 	-82.4728 	 0 	-100.9346 	 20.65606 	-78.33697 	 20.65606 	-89.6358 	
 1            	 20 	-68.92633 	-119.3965 	 0 	-100.9346 	-21.68887 	-124.6622 	-21.68887 	-112.7984 	 72.76742 	-82.4728 	 0 	-100.9346 	 21.68887 	-77.20708 	 21.68887 	-89.07085 	
 1            	 21 	-68.92633 	-119.3966 	 0 	-100.9347 	-22.72167 	-125.7922 	-22.72167 	-113.3634 	 72.76742 	-82.47287 	 0 	-100.9347 	 22.72167 	-76.07727 	 22.72167 	-88.506 	
 1            	 22 	-68.92633 	-119.3965 	 0 	-100.9346 	-24.78728 	-128.0518 	-24.78728 	-114.4932 	 72.76742 	-82.4728 	 0 	-100.9346 	 24.78728 	-73.81743 	 24.78728 	-87.37603 	
 1            	 23 	-68.92633 	-119.3965 	 0 	-100.9346 	-25.82008 	-129.1817 	-25.82008 	-115.0582 	 72.76742 	-82.4728 	 0 	-100.9346 	 25.82008 	-72.68755 	 25.82008 	-86.81109 	
 1            	 24 	-68.92633 	-119.3965 	 0 	-100.9346 	-26.85288 	-130.3116 	-26.85288 	-115.6231 	 72.76742 	-82.4728 	 0 	-100.9346 	 26.85288 	-71.55766 	 26.85288 	-86.24615 	
 1            	 25 	-68.92633 	-119.3965 	 0 	-100.9346 	-27.88568 	-131.4415 	-27.88568 	-116.1881 	 72.76742 	-82.4728 	 0 	-100.9346 	 27.88568 	-70.42778 	 27.88568 	-85.68121 	
 1            	 26 	-68.92633 	-119.3965 	 0 	-100.9346 	-28.91849 	-132.5714 	-28.91849 	-116.753 	 72.76742 	-82.4728 	 0 	-100.9346 	 28.91849 	-69.2979 	 28.91849 	-85.11626 	
 1            	 27 	-68.92633 	-79.00347 	 0 	-66.78746 	-29.95129 	-88.4688 	-29.95129 	-77.62813 	 72.76742 	-54.57144 	 0 	-66.78746 	 29.95129 	-45.10611 	 29.95129 	-55.94678 	
 1            	 29 	-53.67402 	-113.563 	 0 	-91.53361 	-32.91351 	-134.4988 	-32.91351 	-113.0162 	 56.66513 	-69.50426 	 0 	-91.53361 	 32.91351 	-48.56839 	 32.91351 	-70.051 	
 1            	 30 	-48.84411 	-130.4191 	 0 	-103.2644 	-32.91351 	-156.2259 	-32.91351 	-129.7452 	 51.56608 	-76.10966 	 0 	-103.2644 	 32.91351 	-50.30283 	 32.91351 	-76.78361 	
 1            	 31 	-44.01421 	-125.9783 	 0 	-97.82949 	-32.91351 	-152.7299 	-32.91351 	-125.2797 	 46.46701 	-69.68064 	 0 	-97.82949 	 32.91351 	-42.92904 	 32.91351 	-70.37926 	
 1            	 32 	-39.18431 	-121.5375 	 0 	-92.39452 	-32.91351 	-149.2338 	-32.91351 	-120.8142 	 41.36796 	-63.25157 	 0 	-92.39452 	 32.91351 	-35.5552 	 32.91351 	-63.97486 	
 1            	 33 	-34.3544 	-96.7833 	 0 	-71.87426 	-32.91351 	-120.4559 	-32.91351 	-96.16509 	 36.26889 	-46.96521 	 0 	-71.87426 	 32.91351 	-23.2926 	 32.91351 	-47.58343 	
 1            	 34 	-29.5245 	-85.70075 	 0 	-62.0183 	-32.91351 	-108.2077 	-32.91351 	-85.11298 	 31.16982 	-38.33584 	 0 	-62.0183 	 32.91351 	-15.82892 	 32.91351 	-38.92361 	
 1            	 35 	-20.93239 	-106.5127 	 0 	-73.06129 	-32.91351 	-138.3037 	-32.91351 	-105.6825 	 22.0989 	-39.60985 	 0 	-73.06129 	 32.91351 	-7.818854 	 32.91351 	-40.44007 	
 1            	 36 	-16.25502 	-102.14 	 0 	-67.70968 	-32.91351 	-134.8612 	-32.91351 	-101.2855 	 17.16087 	-33.27938 	 0 	-67.70968 	 32.91351 	-.5581197 	 32.91351 	-34.1339 	
 1            	 37 	-11.57765 	-97.76722 	 0 	-62.35807 	-32.91351 	-131.4187 	-32.91351 	-96.88841 	 12.22285 	-26.94892 	 0 	-62.35807 	 32.91351 	 3.127507E-08 	 32.91351 	-27.82773 	
 1            	 38 	-6.900286 	-104.0875 	 0 	-63.53331 	-32.91351 	-142.6287 	-32.91351 	-103.081 	 7.284821 	-22.97912 	 0 	-63.53331 	 32.91351 	-8.252808E-07 	 32.91351 	-23.98562 	
 1            	 39 	-2.222919 	-99.21409 	 0 	-57.56897 	-32.91351 	-138.7921 	-32.91351 	-98.18051 	 2.346797 	-15.92386 	 0 	-57.56897 	 32.91351 	-9.475754E-07 	 32.91351 	-16.95743 	
 1            	 40 	 2.454448 	-94.34117 	 0 	-51.6049 	-32.91351 	-134.9561 	-32.91351 	-93.28051 	-2.591228 	-8.868634 	 0 	-51.6049 	 32.91351 	-1.807721E-06 	 32.91351 	-9.929294 	
 1            	 41 	 11.80924 	-101.1237 	 0 	-47.42867 	-32.91351 	-152.1534 	-32.91351 	-99.79104 	-12.46734 	 7.807438E-07 	 0 	-47.42867 	 32.91351 	 7.807438E-07 	 32.91351 	 7.807438E-07 	
 1            	 42 	 16.48661 	-95.29799 	 0 	-40.29889 	-32.91351 	-147.5671 	-32.91351 	-93.93298 	-17.40536 	 1.935432E-07 	 0 	-40.29889 	 32.91351 	 1.935432E-07 	 32.91351 	 1.935432E-07 	
 1            	 43 	 21.16397 	-89.47231 	 0 	-33.16911 	-32.91351 	-142.9808 	-32.91351 	-88.07494 	-22.34339 	 4.735197E-08 	 0 	-33.16911 	 32.91351 	 4.735197E-08 	 32.91351 	 4.735197E-08 	
 1            	 44 	 25.84134 	-83.64663 	 0 	-26.03932 	-32.91351 	-138.3945 	-32.91351 	-82.21689 	-27.28141 	-5.398486E-07 	 0 	-26.03932 	 32.91351 	-5.398486E-07 	 32.91351 	-5.398486E-07 	
 1            	 45 	 30.51871 	-77.82095 	 0 	-18.90954 	-32.91351 	-133.8082 	-32.91351 	-76.35884 	-32.21944 	 5.634867E-07 	 0 	-18.90954 	 32.91351 	 5.634867E-07 	 32.91351 	 5.634867E-07 	
 1            	 46 	 35.19608 	-87.99142 	 0 	-14.39702 	-32.91351 	-157.9328 	-32.91351 	-86.1649 	-37.15747 	-2.898266E-08 	 0 	-14.39702 	 32.91351 	-2.898266E-08 	 32.91351 	-2.898266E-08 	
 1            	 47 	 39.87344 	-80.87191 	 0 	-5.68316 	-32.91351 	-152.3285 	-32.91351 	-79.00582 	-42.09549 	-9.53653E-08 	 0 	-5.68316 	 32.91351 	-9.53653E-08 	 32.91351 	-9.53653E-08 	
 1            	 48 	 49.22825 	-61.72279 	 0 	 0 	-32.91351 	-133.0136 	-32.91351 	-59.86103 	-51.97162 	 0 	 0 	 0 	 32.91351 	 0 	 32.91351 	 0 	
 1            	 49 	 53.90562 	-51.86132 	 0 	 0 	-32.91351 	-123.1522 	-32.91351 	-49.99956 	-56.90965 	 0 	 0 	 0 	 32.91351 	 0 	 32.91351 	 0 	
 1            	 50 	 58.58298 	-41.99984 	 0 	 0 	-32.91351 	-113.2907 	-32.91351 	-40.13808 	-61.84767 	 0 	 0 	 0 	 32.91351 	 0 	 32.91351 	 0 	
 1            	 51 	 63.26035 	-32.13837 	 0 	 0 	-32.91351 	-103.4292 	-32.91351 	-30.27661 	-66.7857 	 0 	 0 	 0 	 32.91351 	 0 	 32.91351 	 0 	
 1            	 52 	 67.93772 	-22.2769 	 0 	 0 	-32.91351 	-93.56772 	-32.91351 	-20.41514 	-71.72372 	 0 	 0 	 0 	 32.91351 	 0 	 32.91351 	 0 	
 1            	 53 	 72.61509 	-17.87078 	 0 	 0 	-32.91351 	-120.4869 	-32.91351 	-15.19096 	-76.66175 	 0 	 0 	 0 	 32.91351 	 0 	 32.91351 	 0 	
 1            	 54 	 77.29245 	-3.676155 	 0 	 0 	-32.91351 	-106.2923 	-32.91351 	-.9963362 	-81.59978 	 0 	 0 	 0 	 32.91351 	 0 	 32.91351 	 0 	
 1            	 55 	 81.96982 	 0 	 0 	 0 	-32.91351 	-92.09769 	-32.91351 	 0 	-86.5378 	 0 	 0 	 0 	 32.91351 	 0 	 32.91351 	 0 	
 1            	 56 	 86.64719 	 0 	 0 	 0 	-32.91351 	-64.57755 	-32.91351 	 0 	-91.47582 	 0 	 0 	 0 	 32.91351 	 0 	 32.91351 	 0 	
 1            	 57 	 88.93085 	 0 	 0 	 0 	-32.85682 	 192.4961 	-32.85682 	 0 	-93.88674 	 0 	 0 	 0 	 32.85682 	 0 	 32.85682 	 0 	
 1            	 58 	 89.113 	 0 	 0 	 0 	-31.91568 	-133.1258 	-31.91568 	 0 	-94.07906 	 0 	 0 	 0 	 31.91568 	 0 	 31.91568 	 0 	
 1            	 59 	 89.30613 	 0 	 0 	 0 	-30.91786 	-121.5146 	-30.91786 	 0 	-94.28294 	 0 	 0 	 0 	 30.91786 	 0 	 30.91786 	 0 	
 1            	 60 	 89.49926 	 0 	 0 	 0 	-29.92003 	-106.8369 	-29.92003 	 0 	-94.48684 	 0 	 0 	 0 	 29.92003 	 0 	 29.92003 	 0 	
 1            	 61 	 89.89282 	 37.91045 	 0 	 18.24103 	-27.88665 	 25.98677 	-27.88665 	 69.10162 	-94.90233 	 37.91045 	 0 	 57.57988 	 27.88665 	 31.34838 	 27.88665 	 31.97159 	
 1            	 62 	 90.09253 	 37.45094 	 0 	 17.88093 	-26.8548 	 30.85729 	-26.8548 	 66.54591 	-95.11317 	 37.45094 	 0 	 57.02094 	 26.8548 	 32.34632 	 26.8548 	 33.59193 	
 1            	 63 	 90.29224 	 37.01596 	 0 	 17.53265 	-25.82296 	 35.74463 	-25.82296 	 64.03493 	-95.32401 	 37.01596 	 0 	 56.49927 	 25.82296 	 33.36455 	 25.82296 	 35.23296 	
 1            	 64 	 90.49196 	 36.58098 	 0 	 17.18436 	-24.79112 	 40.63197 	-24.79112 	 61.52394 	-95.53486 	 36.58098 	 0 	 55.9776 	 24.79112 	 34.38277 	 24.79112 	 36.87399 	
 1            	 65 	 90.69167 	 36.146 	 0 	 16.83608 	-23.75927 	 45.51933 	-23.75927 	 59.01295 	-95.74569 	 36.146 	 0 	 55.45593 	 23.75927 	 35.401 	 23.75927 	 38.51502 	
 1            	 66 	 90.89137 	 35.71105 	 0 	 16.4878 	-22.72743 	 50.26471 	-22.72743 	 56.502 	-95.95653 	 35.71105 	 0 	 54.93429 	 22.72743 	 36.41924 	 22.72743 	 40.15606 	
 1            	 67 	 91.09108 	 35.27607 	 0 	 16.13952 	-21.69558 	 48.37653 	-21.69558 	 53.99101 	-96.16737 	 35.27607 	 0 	 54.41262 	 21.69558 	 37.43747 	 21.69558 	 41.79708 	
 1            	 68 	 91.29079 	 34.84109 	 0 	 15.79123 	-20.66373 	 46.48834 	-20.66373 	 51.48002 	-96.3782 	 34.84109 	 0 	 53.89095 	 20.66373 	 38.4557 	 20.66373 	 43.43812 	
 1            	 69 	 91.49051 	 34.40611 	 0 	 15.44295 	-19.63189 	 44.60016 	-19.63189 	 48.96903 	-96.58905 	 34.40611 	 0 	 53.36928 	 19.63189 	 39.47393 	 19.63189 	 45.07915 	
 1            	 70 	 91.69022 	 33.97113 	 0 	 15.09466 	-18.60005 	 42.71198 	-18.60005 	 46.45805 	-96.7999 	 33.97113 	 0 	 52.84761 	 18.60005 	 40.49216 	 18.60005 	 46.72018 	
 1            	 71 	 91.88994 	 33.53616 	 0 	 14.74637 	-17.5682 	 40.82379 	-17.5682 	 43.94706 	-97.01074 	 33.53616 	 0 	 52.32594 	 17.5682 	 41.51038 	 17.5682 	 48.36121 	
 1            	 72 	 92.08965 	 33.10118 	 0 	 14.39809 	-16.53636 	 38.93561 	-16.53636 	 41.43608 	-97.22158 	 33.10118 	 0 	 51.80427 	 16.53636 	 42.52861 	 16.53636 	 50.00224 	
 1            	 73 	 92.28936 	 32.6662 	 0 	 14.0498 	-15.50451 	 37.04742 	-15.50451 	 38.92509 	-97.43243 	 32.6662 	 0 	 51.2826 	 15.50451 	 43.54684 	 15.50451 	 51.64327 	
 1            	 74 	 92.48907 	 32.23122 	 0 	 13.70151 	-14.47267 	 35.15924 	-14.47267 	 36.4141 	-97.64327 	 32.23122 	 0 	 50.76093 	 14.47267 	 44.56507 	 14.47267 	 53.2843 	
 1            	 75 	 92.68879 	 31.99854 	 0 	 13.43819 	-13.44082 	 33.48273 	-13.44082 	 34.11882 	-97.8541 	 31.99854 	 0 	 50.5589 	 13.44082 	 45.87331 	 13.44082 	 55.27478 	
 1            	 76 	 93.09119 	 36.1444 	 0 	 16.87329 	-11.3618 	 59.40721 	-11.3618 	 71.95195 	-98.27893 	 36.1444 	 0 	 55.41551 	 11.3618 	 31.3896 	 11.3618 	 31.9268 	
 1            	 77 	 93.2909 	 35.70942 	 0 	 16.52501 	-10.32995 	 57.68122 	-10.32995 	 69.67268 	-98.48976 	 35.70942 	 0 	 54.89383 	 10.32995 	 32.20809 	 10.32995 	 33.28249 	
 1            	 78 	 93.49061 	 35.27444 	 0 	 16.17672 	-9.298107 	 55.95523 	-9.298107 	 67.39339 	-98.70061 	 35.27444 	 0 	 54.37217 	 9.298107 	 33.02658 	 9.298107 	 34.63818 	
 1            	 79 	 93.69032 	 34.83947 	 0 	 15.82843 	-8.266263 	 54.22925 	-8.266263 	 65.11413 	-98.91145 	 34.83947 	 0 	 53.85049 	 8.266263 	 33.84507 	 8.266263 	 35.99387 	
 1            	 80 	 93.89004 	 34.40449 	 0 	 15.48015 	-7.234418 	 52.50326 	-7.234418 	 62.83485 	-99.12229 	 34.40449 	 0 	 53.32883 	 7.234418 	 34.66356 	 7.234418 	 37.34956 	
 1            	 81 	 94.08974 	 33.96953 	 0 	 15.13188 	-6.202573 	 50.77729 	-6.202573 	 60.55559 	-99.33312 	 33.96953 	 0 	 52.80718 	 6.202573 	 35.48207 	 6.202573 	 38.70527 	
 1            	 82 	 94.28947 	 33.53453 	 0 	 14.78357 	-5.170729 	 49.05128 	-5.170729 	 58.27629 	-99.54398 	 33.53453 	 0 	 52.28548 	 5.170729 	 36.30053 	 5.170729 	 40.06094 	
 1            	 83 	 94.48917 	 33.09958 	 0 	 14.43531 	-4.138884 	 47.32532 	-4.138884 	 55.99704 	-99.75481 	 33.09958 	 0 	 51.76384 	 4.138884 	 37.11905 	 4.138884 	 41.41665 	
 1            	 84 	 94.68889 	 32.66457 	 0 	 14.087 	-3.107039 	 45.59932 	-3.107039 	 53.71774 	-99.96566 	 32.66457 	 0 	 51.24215 	 3.107039 	 37.93752 	 3.107039 	 42.77232 	
 1            	 85 	 94.8886 	 32.22962 	 0 	 13.73873 	-2.075195 	 43.87335 	-2.075195 	 51.43849 	-100.1765 	 32.22962 	 0 	 50.7205 	 2.075195 	 38.75602 	 2.075195 	 44.12803 	
 1            	 86 	 95.08832 	 31.9464 	 0 	 13.45435 	-1.04335 	 42.34854 	-1.04335 	 49.39387 	-100.3874 	 31.9464 	 0 	 50.43845 	 1.04335 	 39.76341 	 1.04335 	 45.70082 	
'-----FatB-Ballast
Fatigue - Ballast draught for section: "Midship section"in Database D:\Notes\Gitee\Tool\MarsInputFile.ma2
		a		b		c		d		a		b		c		d		
Ipan	Istiff	SigH max	SigL max	SigH max	SigL max	SigH max	SigL max	SigH max	SigL max	SigH min	SigL min	SigH min	SigL min	SigH min	SigL min	SigH min	SigL min	
 1            	 1 	-68.92633 	 92.40699 	 0 	 71.09526 	-1.032803 	 121.3432 	-1.032803 	 128.1755 	 72.76742 	 122.3679 	 0 	 143.6796 	 1.032803 	 96.08435 	 1.032803 	 90.72868 	
 1            	 2 	-68.92633 	 92.75001 	 0 	 71.35917 	-2.065606 	 121.7198 	-2.065606 	 129.4004 	 72.76742 	 122.8222 	 0 	 144.213 	 2.065606 	 96.51479 	 2.065606 	 90.31636 	
 1            	 3 	-68.92633 	 92.75002 	 0 	 71.35918 	-3.09841 	 121.646 	-3.09841 	 130.1495 	 72.76742 	 122.8222 	 0 	 144.213 	 3.09841 	 96.58857 	 3.09841 	 89.56726 	
 1            	 4 	-68.92633 	 92.75002 	 0 	 71.35918 	-4.131213 	 121.5723 	-4.131213 	 130.8986 	 72.76742 	 122.8222 	 0 	 144.213 	 4.131213 	 96.66236 	 4.131213 	 88.81817 	
 1            	 5 	-68.92633 	 92.75001 	 0 	 71.35917 	-5.164016 	 121.4985 	-5.164016 	 131.6477 	 72.76742 	 122.8222 	 0 	 144.213 	 5.164016 	 96.73611 	 5.164016 	 88.06905 	
 1            	 6 	-68.92633 	 93.11587 	 0 	 71.64066 	-6.196819 	 121.9037 	-6.196819 	 132.9191 	 72.76742 	 123.3066 	 0 	 144.7818 	 6.196819 	 97.19176 	 6.196819 	 87.66439 	
 1            	 7 	-68.92633 	 93.11587 	 0 	 71.64066 	-7.229622 	 121.8296 	-7.229622 	 133.6711 	 72.76742 	 123.3066 	 0 	 144.7818 	 7.229622 	 97.26582 	 7.229622 	 86.91234 	
 1            	 8 	-68.92633 	 93.11587 	 0 	 71.64066 	-8.262424 	 121.7556 	-8.262424 	 134.4232 	 72.76742 	 123.3066 	 0 	 144.7818 	 8.262424 	 97.33989 	 8.262424 	 86.16028 	
 1            	 9 	-68.92633 	 93.50797 	 0 	 71.94232 	-9.295228 	 122.1939 	-9.295228 	 135.7444 	 72.76742 	 123.8259 	 0 	 145.3915 	 9.295228 	 97.82416 	 9.295228 	 85.76787 	
 1            	 10 	-68.92633 	 93.50797 	 0 	 71.94232 	-10.32803 	 122.1195 	-10.32803 	 136.4996 	 72.76742 	 123.8259 	 0 	 145.3915 	 10.32803 	 97.89853 	 10.32803 	 85.01264 	
 1            	 11 	-68.92633 	 93.508 	 0 	 71.94235 	-11.36083 	 122.0452 	-11.36083 	 137.2549 	 72.76742 	 123.8259 	 0 	 145.3916 	 11.36083 	 97.97295 	 11.36083 	 84.25745 	
 1            	 12 	-68.92633 	 93.50797 	 0 	 71.94232 	-13.42644 	 121.8964 	-13.42644 	 138.7653 	 72.76742 	 123.8259 	 0 	 145.3915 	 13.42644 	 98.12166 	 13.42644 	 82.74697 	
 1            	 13 	-68.92633 	 93.50797 	 0 	 71.94232 	-14.45924 	 121.822 	-14.45924 	 139.5206 	 72.76742 	 123.8259 	 0 	 145.3915 	 14.45924 	 98.19604 	 14.45924 	 81.99174 	
 1            	 14 	-68.92633 	 93.50797 	 0 	 71.94232 	-15.49205 	 121.7476 	-15.49205 	 140.2758 	 72.76742 	 123.8259 	 0 	 145.3915 	 15.49205 	 98.27042 	 15.49205 	 81.23653 	
 1            	 15 	-68.92633 	 93.50797 	 0 	 71.94232 	-16.52485 	 121.6732 	-16.52485 	 141.031 	 72.76742 	 123.8259 	 0 	 145.3915 	 16.52485 	 98.3448 	 16.52485 	 80.48129 	
 1            	 16 	-68.92633 	 93.50797 	 0 	 71.94232 	-17.55765 	 121.5989 	-17.55765 	 141.7862 	 72.76742 	 123.8259 	 0 	 145.3915 	 17.55765 	 98.41917 	 17.55765 	 79.72607 	
 1            	 17 	-68.92633 	 93.50797 	 0 	 71.94232 	-18.59046 	 121.5245 	-18.59046 	 142.5414 	 72.76742 	 123.8259 	 0 	 145.3915 	 18.59046 	 98.49355 	 18.59046 	 78.97085 	
 1            	 18 	-68.92633 	 93.50797 	 0 	 71.94232 	-19.62326 	 121.4501 	-19.62326 	 143.2967 	 72.76742 	 123.8259 	 0 	 145.3915 	 19.62326 	 98.56792 	 19.62326 	 78.21563 	
 1            	 19 	-68.92633 	 93.50797 	 0 	 71.94232 	-20.65606 	 121.3757 	-20.65606 	 144.0519 	 72.76742 	 123.8259 	 0 	 145.3915 	 20.65606 	 98.6423 	 20.65606 	 77.4604 	
 1            	 20 	-68.92633 	 93.50797 	 0 	 71.94232 	-21.68887 	 121.3014 	-21.68887 	 144.8071 	 72.76742 	 123.8259 	 0 	 145.3915 	 21.68887 	 98.71667 	 21.68887 	 76.70518 	
 1            	 21 	-68.92633 	 93.50805 	 0 	 71.94239 	-22.72167 	 121.2271 	-22.72167 	 145.5625 	 72.76742 	 123.826 	 0 	 145.3916 	 22.72167 	 98.79114 	 22.72167 	 75.95003 	
 1            	 22 	-68.92633 	 93.50797 	 0 	 71.94232 	-24.78728 	 121.0782 	-24.78728 	 147.0728 	 72.76742 	 123.8259 	 0 	 145.3915 	 24.78728 	 98.9398 	 24.78728 	 74.43951 	
 1            	 23 	-68.92633 	 93.50797 	 0 	 71.94232 	-25.82008 	 121.0039 	-25.82008 	 147.828 	 72.76742 	 123.8259 	 0 	 145.3915 	 25.82008 	 99.01418 	 25.82008 	 73.68429 	
 1            	 24 	-68.92633 	 93.50797 	 0 	 71.94232 	-26.85288 	 120.9295 	-26.85288 	 148.5832 	 72.76742 	 123.8259 	 0 	 145.3915 	 26.85288 	 99.08856 	 26.85288 	 72.92906 	
 1            	 25 	-68.92633 	 93.50797 	 0 	 71.94232 	-27.88568 	 120.8551 	-27.88568 	 149.3385 	 72.76742 	 123.8259 	 0 	 145.3915 	 27.88568 	 99.16293 	 27.88568 	 72.17384 	
 1            	 26 	-68.92633 	 93.50797 	 0 	 71.94232 	-28.91849 	 120.7807 	-28.91849 	 150.0937 	 72.76742 	 123.8259 	 0 	 145.3915 	 28.91849 	 99.23731 	 28.91849 	 71.41862 	
 1            	 27 	-68.92633 	 61.87331 	 0 	 47.60353 	-29.95129 	 79.87021 	-29.95129 	 99.81525 	 72.76742 	 81.93436 	 0 	 96.20414 	 29.95129 	 65.71357 	 29.95129 	 46.75727 	
 1            	 29 	-53.67402 	 93.41263 	 0 	 78.42339 	-32.91351 	 113.364 	-32.91351 	 150.5222 	 56.66513 	 134.7985 	 0 	 149.7877 	 32.91351 	 111.0298 	 32.91351 	 82.07654 	
 1            	 30 	-48.84411 	 109.135 	 0 	 94.21371 	-32.91351 	 129.675 	-32.91351 	 174.933 	 51.56608 	 161.8737 	 0 	 176.795 	 32.91351 	 127.8631 	 32.91351 	 101.2861 	
 1            	 31 	-44.01421 	 107.3393 	 0 	 95.29697 	-32.91351 	 124.7265 	-32.91351 	 171.1158 	 46.46701 	 163.6696 	 0 	 175.7119 	 32.91351 	 123.8745 	 32.91351 	 105.1035 	
 1            	 32 	-39.18431 	 105.5435 	 0 	 96.38017 	-32.91351 	 119.7778 	-32.91351 	 167.2985 	 41.36796 	 159.2467 	 0 	 174.6287 	 32.91351 	 119.8858 	 32.91351 	 103.4457 	
 1            	 33 	-34.3544 	 85.75018 	 0 	 80.55595 	-32.91351 	 94.90916 	-32.91351 	 135.1213 	 36.26889 	 127.1293 	 0 	 143.4398 	 32.91351 	 95.79195 	 32.91351 	 82.7161 	
 1            	 34 	-29.5245 	 77.55811 	 0 	 74.96748 	-32.91351 	 83.58949 	-32.91351 	 121.4613 	 31.16982 	 112.8748 	 0 	 131.1975 	 32.91351 	 85.1323 	 32.91351 	 73.56887 	
 1            	 35 	-20.93239 	 100.4139 	 0 	 102.1587 	-32.91351 	 102.7723 	-32.91351 	 155.4371 	 22.0989 	 141.0348 	 0 	 173.3957 	 32.91351 	 106.5709 	 32.91351 	 92.23665 	
 1            	 36 	-16.25502 	 99.65172 	 0 	 101.1312 	-32.91351 	 99.56315 	-32.91351 	 152.6672 	 17.16087 	 135.6831 	 0 	 170.235 	 32.91351 	 102.6434 	 32.91351 	 88.91947 	
 1            	 37 	-11.57765 	 100.4545 	 0 	 96.84621 	-32.91351 	 98.94179 	-32.91351 	 151.4355 	 12.22285 	 130.3315 	 0 	 163.8169 	 32.91351 	 98.71587 	 32.91351 	 85.60231 	
 1            	 38 	-6.900286 	 112.8505 	 0 	 103.1588 	-32.91351 	 109.5774 	-32.91351 	 167.4011 	 7.284821 	 139.2893 	 0 	 175.4197 	 32.91351 	 105.641 	 32.91351 	 91.70623 	
 1            	 39 	-2.222919 	 113.7451 	 0 	 98.38316 	-32.91351 	 108.8849 	-32.91351 	 166.0284 	 2.346797 	 133.3249 	 0 	 168.2667 	 32.91351 	 101.2638 	 32.91351 	 88.00925 	
 1            	 40 	 2.454448 	 114.6404 	 0 	 93.60802 	-32.91351 	 108.193 	-32.91351 	 164.6565 	-2.591228 	 127.3613 	 0 	 161.1145 	 32.91351 	 96.88713 	 32.91351 	 84.31273 	
 1            	 41 	 11.80924 	 137.9876 	 0 	 100.481 	-32.91351 	 127.6778 	-32.91351 	 191.0848 	-12.46734 	 137.9876 	 0 	 175.4941 	 32.91351 	 105.3535 	 32.91351 	 91.94837 	
 1            	 42 	 16.48661 	 130.8578 	 0 	 94.77221 	-32.91351 	 126.85 	-32.91351 	 181.2446 	-17.40536 	 130.8578 	 0 	 166.9433 	 32.91351 	 100.121 	 32.91351 	 87.52901 	
 1            	 43 	 21.16397 	 123.728 	 0 	 89.06341 	-32.91351 	 126.0222 	-32.91351 	 171.4044 	-22.34339 	 123.728 	 0 	 158.3926 	 32.91351 	 94.88852 	 32.91351 	 83.10964 	
 1            	 44 	 25.84134 	 116.5982 	 0 	 83.3546 	-32.91351 	 125.1944 	-32.91351 	 161.5642 	-27.28141 	 116.5982 	 0 	 149.8418 	 32.91351 	 89.65604 	 32.91351 	 78.6903 	
 1            	 45 	 30.51871 	 109.4684 	 0 	 77.64578 	-32.91351 	 124.3665 	-32.91351 	 151.724 	-32.21944 	 109.4684 	 0 	 141.2911 	 32.91351 	 84.42355 	 32.91351 	 74.27092 	
 1            	 46 	 35.19608 	 125.0766 	 0 	 87.92018 	-32.91351 	 150.987 	-32.91351 	 173.408 	-37.15747 	 125.0766 	 0 	 162.233 	 32.91351 	 96.786 	 32.91351 	 85.37141 	
 1            	 47 	 39.87344 	 116.3635 	 0 	 80.94353 	-32.91351 	 147.8769 	-32.91351 	 161.3826 	-42.09549 	 116.3635 	 0 	 151.7834 	 32.91351 	 90.39156 	 32.91351 	 79.9707 	
 1            	 48 	 49.22825 	 97.35991 	 0 	 65.92212 	-32.91351 	 123.8076 	-32.91351 	 135.1423 	-51.97162 	 97.35991 	 0 	 128.7977 	 32.91351 	 76.36548 	 32.91351 	 68.06652 	
 1            	 49 	 53.90562 	 88.78471 	 0 	 59.05598 	-32.91351 	 112.9504 	-32.91351 	 123.3072 	-56.90965 	 88.78471 	 0 	 118.5135 	 32.91351 	 70.07221 	 32.91351 	 62.75123 	
 1            	 50 	 58.58298 	 80.20952 	 0 	 52.18983 	-32.91351 	 102.0933 	-32.91351 	 111.4721 	-61.84767 	 80.20952 	 0 	 108.2292 	 32.91351 	 63.77894 	 32.91351 	 57.43593 	
 1            	 51 	 63.26035 	 71.63432 	 0 	 45.32368 	-32.91351 	 91.23618 	-32.91351 	 99.63698 	-66.7857 	 71.63432 	 0 	 97.94496 	 32.91351 	 57.48569 	 32.91351 	 52.12065 	
 1            	 52 	 67.93772 	 63.05913 	 0 	 38.45754 	-32.91351 	 80.37905 	-32.91351 	 87.80188 	-71.72372 	 63.05913 	 0 	 87.66072 	 32.91351 	 51.19242 	 32.91351 	 46.80536 	
 1            	 53 	 72.61509 	 78.42429 	 0 	 45.47271 	-32.91351 	 100.07 	-32.91351 	 109.3467 	-76.66175 	 78.42429 	 0 	 111.3759 	 32.91351 	 64.62794 	 32.91351 	 59.72087 	
 1            	 54 	 77.29245 	 66.08113 	 0 	 35.58956 	-32.91351 	 84.44223 	-32.91351 	 92.31127 	-81.59978 	 66.08113 	 0 	 96.5727 	 32.91351 	 55.5694 	 32.91351 	 52.07003 	
 1            	 55 	 81.96982 	 53.73798 	 0 	 25.70642 	-32.91351 	 68.81446 	-32.91351 	 75.27581 	-86.5378 	 53.73798 	 0 	 81.76954 	 32.91351 	 46.51086 	 32.91351 	 44.41919 	
 1            	 56 	 86.64719 	 34.31413 	 0 	 13.11666 	-32.91351 	 44.08897 	-32.91351 	 48.27818 	-91.47582 	 34.31413 	 0 	 55.5116 	 32.91351 	 31.04601 	 32.91351 	 30.47902 	
 1            	 57 	 88.93085 	-96.42102 	 0 	-29.98249 	-32.85682 	-123.8225 	-32.85682 	-135.566 	-93.88674 	-96.42102 	 0 	-162.8596 	 32.85682 	-90.41839 	 32.85682 	-90.58744 	
 1            	 58 	 89.113 	 72.52943 	 0 	 22.06391 	-31.91568 	 88.43184 	-31.91568 	 95.24716 	-94.07906 	 72.52943 	 0 	 122.9949 	 31.91568 	 72.94535 	 31.91568 	 75.2143 	
 1            	 59 	 89.30613 	 73.205 	 0 	 21.7306 	-30.91786 	 84.07072 	-30.91786 	 88.72746 	-94.28294 	 73.205 	 0 	 124.6794 	 30.91786 	 79.05378 	 30.91786 	 83.70186 	
 1            	 60 	 89.49926 	 72.23153 	 0 	 20.89398 	-29.92003 	 77.68293 	-29.92003 	 80.01925 	-94.48684 	 72.23153 	 0 	 123.5691 	 29.92003 	 83.52055 	 29.92003 	 90.50346 	
 1            	 61 	 89.89282 	 0 	 0 	 0 	-27.88665 	 0 	-27.88665 	 0 	-94.90233 	 0 	 0 	 0 	 27.88665 	 0 	 27.88665 	 0 	
 1            	 62 	 90.09253 	 0 	 0 	 0 	-26.8548 	 0 	-26.8548 	 0 	-95.11317 	 0 	 0 	 0 	 26.8548 	 0 	 26.8548 	 0 	
 1            	 63 	 90.29224 	 0 	 0 	 0 	-25.82296 	 0 	-25.82296 	 0 	-95.32401 	 0 	 0 	 0 	 25.82296 	 0 	 25.82296 	 0 	
 1            	 64 	 90.49196 	 0 	 0 	 0 	-24.79112 	 0 	-24.79112 	 0 	-95.53486 	 0 	 0 	 0 	 24.79112 	 0 	 24.79112 	 0 	
 1            	 65 	 90.69167 	 0 	 0 	 0 	-23.75927 	 0 	-23.75927 	 0 	-95.74569 	 0 	 0 	 0 	 23.75927 	 0 	 23.75927 	 0 	
 1            	 66 	 90.89137 	 0 	 0 	 0 	-22.72743 	 0 	-22.72743 	 0 	-95.95653 	 0 	 0 	 0 	 22.72743 	 0 	 22.72743 	 0 	
 1            	 67 	 91.09108 	 0 	 0 	 0 	-21.69558 	 0 	-21.69558 	 0 	-96.16737 	 0 	 0 	 0 	 21.69558 	 0 	 21.69558 	 0 	
 1            	 68 	 91.29079 	 0 	 0 	 0 	-20.66373 	 0 	-20.66373 	 0 	-96.3782 	 0 	 0 	 0 	 20.66373 	 0 	 20.66373 	 0 	
 1            	 69 	 91.49051 	 0 	 0 	 0 	-19.63189 	 0 	-19.63189 	 0 	-96.58905 	 0 	 0 	 0 	 19.63189 	 0 	 19.63189 	 0 	
 1            	 70 	 91.69022 	 0 	 0 	 0 	-18.60005 	 0 	-18.60005 	 0 	-96.7999 	 0 	 0 	 0 	 18.60005 	 0 	 18.60005 	 0 	
 1            	 71 	 91.88994 	 0 	 0 	 0 	-17.5682 	 0 	-17.5682 	 0 	-97.01074 	 0 	 0 	 0 	 17.5682 	 0 	 17.5682 	 0 	
 1            	 72 	 92.08965 	 0 	 0 	 0 	-16.53636 	 0 	-16.53636 	 0 	-97.22158 	 0 	 0 	 0 	 16.53636 	 0 	 16.53636 	 0 	
 1            	 73 	 92.28936 	 0 	 0 	 0 	-15.50451 	 0 	-15.50451 	 0 	-97.43243 	 0 	 0 	 0 	 15.50451 	 0 	 15.50451 	 0 	
 1            	 74 	 92.48907 	 0 	 0 	 0 	-14.47267 	 0 	-14.47267 	 0 	-97.64327 	 0 	 0 	 0 	 14.47267 	 0 	 14.47267 	 0 	
 1            	 75 	 92.68879 	 0 	 0 	 0 	-13.44082 	 0 	-13.44082 	 0 	-97.8541 	 0 	 0 	 0 	 13.44082 	 0 	 13.44082 	 0 	
 1            	 76 	 93.09119 	 0 	 0 	 0 	-11.3618 	 0 	-11.3618 	 0 	-98.27893 	 0 	 0 	 0 	 11.3618 	 0 	 11.3618 	 0 	
 1            	 77 	 93.2909 	 0 	 0 	 0 	-10.32995 	 0 	-10.32995 	 0 	-98.48976 	 0 	 0 	 0 	 10.32995 	 0 	 10.32995 	 0 	
 1            	 78 	 93.49061 	 0 	 0 	 0 	-9.298107 	 0 	-9.298107 	 0 	-98.70061 	 0 	 0 	 0 	 9.298107 	 0 	 9.298107 	 0 	
 1            	 79 	 93.69032 	 0 	 0 	 0 	-8.266263 	 0 	-8.266263 	 0 	-98.91145 	 0 	 0 	 0 	 8.266263 	 0 	 8.266263 	 0 	
 1            	 80 	 93.89004 	 0 	 0 	 0 	-7.234418 	 0 	-7.234418 	 0 	-99.12229 	 0 	 0 	 0 	 7.234418 	 0 	 7.234418 	 0 	
 1            	 81 	 94.08974 	 0 	 0 	 0 	-6.202573 	 0 	-6.202573 	 0 	-99.33312 	 0 	 0 	 0 	 6.202573 	 0 	 6.202573 	 0 	
 1            	 82 	 94.28947 	 0 	 0 	 0 	-5.170729 	 0 	-5.170729 	 0 	-99.54398 	 0 	 0 	 0 	 5.170729 	 0 	 5.170729 	 0 	
 1            	 83 	 94.48917 	 0 	 0 	 0 	-4.138884 	 0 	-4.138884 	 0 	-99.75481 	 0 	 0 	 0 	 4.138884 	 0 	 4.138884 	 0 	
 1            	 84 	 94.68889 	 0 	 0 	 0 	-3.107039 	 0 	-3.107039 	 0 	-99.96566 	 0 	 0 	 0 	 3.107039 	 0 	 3.107039 	 0 	
 1            	 85 	 94.8886 	 0 	 0 	 0 	-2.075195 	 0 	-2.075195 	 0 	-100.1765 	 0 	 0 	 0 	 2.075195 	 0 	 2.075195 	 0 	
 1            	 86 	 95.08832 	 0 	 0 	 0 	-1.04335 	 0 	-1.04335 	 0 	-100.3874 	 0 	 0 	 0 	 1.04335 	 0 	 1.04335 	 0 	
